Spectroscopic Data at 6.022 min.	
Wavelength (nm)	Intensity
210	0.356346
211	0.354608
212	0.353549
213	0.352572
214	0.351538
215	0.350981
216	0.34944
217	0.347855
218	0.34739
219	0.346162
220	0.345051
221	0.344181
222	0.34349
223	0.342891
224	0.34253
225	0.342255
226	0.34175
227	0.341844
228	0.341591
229	0.341087
230	0.340354
231	0.339625
232	0.338795
233	0.337595
234	0.337016
235	0.335909
236	0.334347
237	0.33311
238	0.332049
239	0.330767
240	0.32982
241	0.329218
242	0.329027
243	0.328591
244	0.327808
245	0.327023
246	0.326128
247	0.325454
248	0.324808
249	0.323902
250	0.323076
251	0.322225
252	0.321445
253	0.321004
254	0.320592
255	0.319696
256	0.318895
257	0.31814
258	0.317689
259	0.317168
260	0.316484
261	0.315878
262	0.315431
263	0.31512
264	0.314956
265	0.314502
266	0.313824
267	0.313422
268	0.312863
269	0.312236
270	0.311716
271	0.311465
272	0.31083
273	0.310188
274	0.309868
275	0.309351
276	0.308645
277	0.308101
278	0.307639
279	0.306904
280	0.306459
281	0.306072
282	0.305578
283	0.30523
284	0.304741
285	0.304248
286	0.303743
287	0.303326
288	0.302892
289	0.30229
290	0.301841
291	0.301347
292	0.300715
293	0.300102
294	0.299451
295	0.299268
296	0.298993
297	0.298342
298	0.297844
299	0.297615
300	0.297336
301	0.296776
302	0.296283
303	0.296063
304	0.295888
305	0.295529
306	0.295022
307	0.294669
308	0.294534
309	0.294284
310	0.293992
311	0.293805
312	0.29355
313	0.293517
314	0.293287
315	0.293024
316	0.292955
317	0.293013
318	0.292825
319	0.292574
320	0.292632
321	0.292396
322	0.292144
323	0.292057
324	0.292154
325	0.292162
326	0.291942
327	0.291701
328	0.291519
329	0.291617
330	0.291815
331	0.291726
332	0.291585
333	0.291397
334	0.291483
335	0.291827
336	0.291711
337	0.291188
338	0.29124
339	0.291474
340	0.291613
341	0.291961
342	0.291688
343	0.291356
344	0.291436
345	0.291794
346	0.292014
347	0.29184
348	0.291603
349	0.291548
350	0.291653
351	0.291839
352	0.291686
353	0.29155
354	0.291563
355	0.291593
356	0.29182
357	0.291934
358	0.291668
359	0.291249
360	0.291183
361	0.291382
362	0.291924
363	0.292545
364	0.292636
365	0.292505
366	0.292514
367	0.292481
368	0.29257
369	0.292639
370	0.292674
371	0.292584
372	0.292475
373	0.292341
374	0.292349
375	0.292278
376	0.29248
377	0.292656
378	0.292867
379	0.292691
380	0.292152
381	0.29166
382	0.291548
383	0.291265
384	0.291104
385	0.291024
386	0.290905
387	0.290402
388	0.289719
389	0.291772
390	0.295083
391	0.294046
392	0.289085
393	0.286568
394	0.287018
395	0.288083
396	0.288538
397	0.288782
398	0.28882
399	0.288525
400	0.288517
401	0.28857
402	0.288442
403	0.287994
404	0.287465
405	0.287335
406	0.287137
407	0.286986
408	0.286977
409	0.287085
410	0.286897
411	0.286204
412	0.28597
413	0.285565
414	0.285148
415	0.285267
416	0.285151
417	0.285038
418	0.284764
419	0.28421
420	0.283857
421	0.28325
422	0.283313
423	0.283263
424	0.282982
425	0.283072
426	0.282811
427	0.282343
428	0.282275
429	0.281746
430	0.281335
431	0.281406
432	0.280947
433	0.280857
434	0.280544
435	0.280239
436	0.280089
437	0.279902
438	0.279599
439	0.279542
440	0.279337
441	0.278977
442	0.278868
443	0.278677
444	0.278286
445	0.278238
446	0.278067
447	0.277715
448	0.277984
449	0.277809
450	0.277199
451	0.276902
452	0.276411
453	0.276082
454	0.276331
455	0.276423
456	0.276035
457	0.276061
458	0.275897
459	0.275461
460	0.275445
461	0.275512
462	0.275041
463	0.274632
464	0.274751
465	0.274528
466	0.27442
467	0.274524
468	0.274236
469	0.273616
470	0.273817
471	0.273952
472	0.273891
473	0.27403
474	0.273809
475	0.27366
476	0.27408
477	0.274699
478	0.274953
479	0.274468
480	0.274152
481	0.274072
482	0.273542
483	0.273214
484	0.273629
485	0.274068
486	0.27398
487	0.27437
488	0.275085
489	0.275188
490	0.274774
491	0.274767
492	0.274983
493	0.27437
494	0.273863
495	0.274447
496	0.274967
497	0.275103
498	0.275324
499	0.275894
500	0.27622
501	0.275951
502	0.276154
503	0.276449
504	0.276297
505	0.276047
506	0.27616
507	0.276853
508	0.277204
509	0.277302
510	0.277766
511	0.278542
512	0.278764
513	0.278532
514	0.278476
515	0.278927
516	0.27941
517	0.278654
518	0.278818
519	0.279772
520	0.280205
521	0.28041
522	0.280516
523	0.281389
524	0.281791
525	0.281746
526	0.281696
527	0.282235
528	0.283101
529	0.282853
530	0.282611
531	0.283087
532	0.283784
533	0.284356
534	0.284495
535	0.284967
536	0.285666
537	0.286208
538	0.286185
539	0.286117
540	0.286927
541	0.287844
542	0.287836
543	0.287607
544	0.287952
545	0.289108
546	0.289613
547	0.28971
548	0.290104
549	0.290511
550	0.291665
551	0.291842
552	0.29167
553	0.292012
554	0.292886
555	0.293559
556	0.294097
557	0.294108
558	0.294666
559	0.295246
560	0.295932
561	0.296583
562	0.296653
563	0.297156
564	0.297834
565	0.298671
566	0.298984
567	0.299094
568	0.299543
569	0.300285
570	0.300869
571	0.301393
572	0.301752
573	0.302381
574	0.30335
575	0.304256
576	0.304706
577	0.304732
578	0.305068
579	0.305796
580	0.306536
581	0.307025
582	0.307573
583	0.307996
584	0.308529
585	0.309313
586	0.310058
587	0.310646
588	0.311326
589	0.312227
590	0.313299
591	0.314323
592	0.314319
593	0.3146
594	0.314981
595	0.3158
596	0.316638
597	0.317068
598	0.317528
599	0.317666
600	0.318524
601	0.319878
602	0.320802
603	0.321284
604	0.321648
605	0.322141
606	0.323043
607	0.324497
608	0.325097
609	0.325704
610	0.326033
611	0.326103
612	0.326889
613	0.328004
614	0.328581
615	0.329423
616	0.330112
617	0.3302
618	0.330832
619	0.331371
620	0.331948
621	0.332924
622	0.333542
623	0.334763
624	0.336128
625	0.33716
626	0.337671
627	0.338041
628	0.338432
629	0.338644
630	0.339464
631	0.340382
632	0.340685
633	0.341449
634	0.341974
635	0.342899
636	0.343852
637	0.345063
638	0.34599
639	0.347002
640	0.347835
641	0.34842
642	0.349
643	0.349781
644	0.350898
645	0.351468
646	0.351969
647	0.352256
648	0.352994
649	0.354111
650	0.354878
651	0.355357
652	0.355685
653	0.356056
654	0.356885
655	0.357429
656	0.35855
657	0.359912
658	0.360688
659	0.361333
660	0.362217
661	0.363223
662	0.36382
663	0.36506
664	0.365904
665	0.366448
666	0.366995
667	0.367386
668	0.367903
669	0.368335
670	0.369187
671	0.369963
672	0.370585
673	0.371049
674	0.371397
675	0.372018
676	0.372909
677	0.374297
678	0.375179
679	0.376255
680	0.377095
681	0.377703
682	0.37786
683	0.378462
684	0.379332
685	0.380457
686	0.381252
687	0.381667
688	0.382105
689	0.382453
690	0.383182
691	0.383851
692	0.384586
693	0.3854
694	0.386392
695	0.386852
696	0.387379
697	0.387916
698	0.389088
699	0.390333
700	0.391012
701	0.391965
702	0.392807
703	0.392812
704	0.393372
705	0.394507
706	0.395348
707	0.396307
708	0.396799
709	0.397258
710	0.398571
711	0.398637
712	0.398279
713	0.398858
714	0.399871
715	0.400757
716	0.401519
717	0.402419
718	0.402466
719	0.403158
720	0.404031
721	0.404555
722	0.404853
723	0.40621
724	0.407851
725	0.408246
726	0.408793
727	0.409768
728	0.41011
729	0.410439
730	0.410715
731	0.411035
732	0.411824
733	0.412828
734	0.413322
735	0.413691
736	0.41426
737	0.414453
738	0.415169
739	0.41601
740	0.417297
741	0.417881
742	0.41865
743	0.41923
744	0.419805
745	0.42038
746	0.420386
747	0.42152
748	0.422211
749	0.423416
750	0.42464
751	0.425357
752	0.425381
753	0.425364
754	0.425383
755	0.426252
756	0.42667
757	0.427831
758	0.429381
759	0.430229
760	0.430373
761	0.430354
762	0.430286
763	0.430549
764	0.42973
765	0.430024
766	0.431395
767	0.433127
768	0.434673
769	0.435551
770	0.436471
771	0.43707
772	0.437406
773	0.437311
774	0.437657
775	0.439013
776	0.43997
777	0.440274
778	0.441476
779	0.441763
780	0.442473
781	0.442937
782	0.44269
783	0.44246
784	0.44356
785	0.444139
786	0.444852
787	0.44569
788	0.446564
789	0.446416
790	0.446381
791	0.446374
792	0.447337
793	0.447804
794	0.448818
795	0.450098
796	0.450916
797	0.451624
798	0.451665
799	0.452369
800	0.453224
801	0.453339
802	0.453712
803	0.45411
804	0.455402
805	0.456388
806	0.456605
807	0.457403
808	0.458448
809	0.459266
810	0.459073
811	0.45872
812	0.458594
813	0.45849
814	0.459895
815	0.460543
816	0.460929
817	0.462704
818	0.463612
819	0.463966
820	0.463053
821	0.462193
822	0.460544
823	0.460084
824	0.46026
825	0.460424
826	0.461738
827	0.462549
828	0.463592
829	0.464798
830	0.466423
831	0.468174
832	0.468343
833	0.467674
834	0.466653
835	0.466198
836	0.46684
837	0.468545
838	0.470231
839	0.471763
840	0.472414
841	0.472002
842	0.472038
843	0.472972
844	0.474114
845	0.474307
846	0.474291
847	0.474478
848	0.475812
849	0.476921
850	0.477493
851	0.478351
852	0.480722
853	0.481508
854	0.481992
855	0.480998
856	0.480663
857	0.480464
858	0.481
859	0.481087
860	0.481704
861	0.482333
862	0.484269
863	0.484698
864	0.484496
865	0.485114
866	0.485041
867	0.485034
868	0.485129
869	0.484908
870	0.484674
871	0.484964
872	0.484995
873	0.486472
874	0.487317
875	0.487596
876	0.488154
877	0.488278
878	0.487308
879	0.48653
880	0.484219
881	0.483733
882	0.486446
883	0.487026
884	0.486385
885	0.486871
886	0.48784
887	0.490167
888	0.491504
889	0.492151
890	0.492364
891	0.492504
892	0.492354
893	0.491492
894	0.489702
895	0.489392
896	0.490039
897	0.490762
898	0.492795
899	0.495067
900	0.496248
901	0.497021
902	0.496877
903	0.495237
904	0.494665
905	0.494952
906	0.494254
907	0.494287
908	0.495978
909	0.497948
910	0.498628
911	0.499186
912	0.499354
913	0.499023
914	0.497979
915	0.497018
916	0.497186
917	0.497464
918	0.496702
919	0.496974
920	0.498032
921	0.49819
922	0.499241
923	0.50035
924	0.500559
925	0.502068
926	0.503706
927	0.505003
928	0.505484
929	0.506471
930	0.507329
931	0.506535
932	0.506081
933	0.506375
934	0.506088
935	0.506363
936	0.504931
937	0.504647
938	0.505211
939	0.505614
940	0.50568
941	0.507011
942	0.507034
943	0.507766
944	0.507722
945	0.508257
946	0.508255
947	0.507141
948	0.506854
949	0.506737
950	0.506604
951	0.507112
952	0.5073
953	0.507801
954	0.509489
955	0.510278
956	0.510884
957	0.512247
958	0.513812
959	0.513999
960	0.51392
961	0.513613
962	0.513288
963	0.513542
964	0.514329
965	0.514017
966	0.513332
967	0.5136
968	0.514439
969	0.515935
970	0.516244
971	0.517038
972	0.518352
973	0.5185
974	0.518856
975	0.519003
976	0.519539
977	0.518591
978	0.517565
979	0.516096
980	0.515839
981	0.517274
982	0.516532
983	0.515258
984	0.51573
985	0.517779
986	0.519908
987	0.520827
988	0.521227
989	0.521683
990	0.521681
991	0.52066
992	0.520256
993	0.520807
994	0.521995
995	0.522141
996	0.521086
997	0.521331
998	0.521464
999	0.523167
1000	0.523931
1006	0.501747
1012	0.510927
1018	0.515794
1024	0.517911
1030	0.521902
1036	0.526781
1042	0.531929
1048	0.534144
1054	0.534509
1060	0.534117
1066	0.536238
1072	0.54188
1078	0.545816
1084	0.543521
1090	0.540412
1096	0.540944
1102	0.542379
1108	0.543662
1114	0.543147
1120	0.542842
1126	0.541804
1132	0.543453
1138	0.54752
1144	0.553005
1150	0.557644
1156	0.564018
1162	0.566
1168	0.564574
1174	0.560427
1180	0.55548
1186	0.552138
1192	0.548293
1198	0.549181
1204	0.551092
1210	0.556169
1216	0.560322
1222	0.564719
1228	0.566636
1234	0.570582
1240	0.571623
1246	0.574156
1252	0.576379
1258	0.575339
1264	0.573699
1270	0.569577
1276	0.567572
1282	0.563796
1288	0.565085
1294	0.568179
1300	0.571689
1306	0.575385
1312	0.57907
1318	0.581137
1324	0.581288
1330	0.583667
1336	0.58326
1342	0.585668
1348	0.586763
1354	0.588366
1360	0.590493
1366	0.590087
1372	0.590156
1378	0.588638
1384	0.586765
1390	0.588207
1396	0.590063
1402	0.594349
1408	0.595087
1414	0.594387
1420	0.593427
1426	0.590585
1432	0.58994
1438	0.590579
1444	0.589564
1450	0.592772
1456	0.596354
1462	0.59877
1468	0.600098
1474	0.600757
1480	0.596141
1486	0.593826
1492	0.591437
1498	0.589643
1504	0.589892
1510	0.591567
1516	0.594338
1522	0.597954
1528	0.600821
1534	0.602793
1540	0.603989
1546	0.603617
1552	0.601601
1558	0.599901
1564	0.598974
1570	0.598708
1576	0.599519
1582	0.601648
1588	0.604007
1594	0.604858
1600	0.606756
1606	0.607591
1612	0.608411
1618	0.607343
1624	0.609008
1630	0.611536
1636	0.611977
1642	0.61447
1648	0.613775
1654	0.616257
1660	0.61771
1666	0.616605
1672	0.616526
1678	0.616173
1684	0.614314
1690	0.612852
1696	0.612771
1702	0.614427
1708	0.61428
1714	0.616113
1720	0.616864
1726	0.616556
1732	0.616282
1738	0.615874
1744	0.61636
1750	0.61727
1756	0.620111
1762	0.621276
1768	0.622816
1774	0.625022
1780	0.626225
1786	0.625858
1792	0.62812
1798	0.628261
1804	0.630994
1810	0.630068
1816	0.631618
1822	0.632628
1828	0.63129
1834	0.632339
1840	0.633096
1846	0.632675
1852	0.633149
1858	0.633176
1864	0.63414
1870	0.635151
1876	0.634703
1882	0.633258
1888	0.633604
1894	0.635395
1900	0.634108
1906	0.6347
1912	0.634737
1918	0.635977
1924	0.638125
1930	0.639037
1936	0.639806
1942	0.638797
1948	0.641539
1954	0.639624
1960	0.641063
1966	0.642998
1972	0.64324
1978	0.643408
1984	0.644664
1990	0.643948
1996	0.646201
2002	0.645402
2008	0.643664
2014	0.640998
2020	0.63848
2026	0.636175
2032	0.635201
2038	0.636411
2044	0.637049
2050	0.638135
2056	0.639214
2062	0.639888
2068	0.640564
2074	0.642198
2080	0.642965
2086	0.64272
2092	0.642593
2098	0.642908
2104	0.643653
2110	0.645588
2116	0.645815
2122	0.648305
2128	0.650245
2134	0.648428
2140	0.648271
2146	0.648373
2152	0.649177
2158	0.649576
2164	0.648823
2170	0.650783
2176	0.651603
2182	0.650814
2188	0.652676
2194	0.653364
2200	0.652501
2206	0.65328
2212	0.651977
2218	0.653005
2224	0.654659
2230	0.654354
2236	0.653056
2242	0.652357
2248	0.651688
2254	0.651412
2260	0.652233
2266	0.652096
2272	0.652075
2278	0.652499
2284	0.651772
2290	0.653005
2296	0.653747
2302	0.650845
2308	0.64885
2314	0.647244
2320	0.648118
2326	0.649308
2332	0.649775
2338	0.652215
2344	0.652619
2350	0.653704
2356	0.657337
2362	0.657328
2368	0.658269
2374	0.65724
2380	0.657282
2386	0.657565
2392	0.657439
2398	0.655634
2404	0.655337
2410	0.654301
2416	0.655124
2422	0.656146
2428	0.658755
2434	0.66134
2440	0.662405
2446	0.658395
2452	0.656251
2458	0.659208
2464	0.655085
2470	0.658229
2476	0.659475
2482	0.658383
2488	0.659533
2494	0.657887
2500	0.659402
