Spectroscopic Data at 4.061 min.	
Wavelength (nm)	Intensity
210	0.353578
211	0.351982
212	0.350552
213	0.349382
214	0.348668
215	0.348265
216	0.346769
217	0.34535
218	0.344901
219	0.343467
220	0.342466
221	0.341186
222	0.340726
223	0.340645
224	0.339688
225	0.339299
226	0.339442
227	0.339148
228	0.33887
229	0.338875
230	0.33832
231	0.337323
232	0.336287
233	0.335171
234	0.334562
235	0.333491
236	0.332101
237	0.330915
238	0.329821
239	0.328666
240	0.327856
241	0.327297
242	0.327196
243	0.32681
244	0.326001
245	0.325451
246	0.324663
247	0.323889
248	0.323193
249	0.322384
250	0.321586
251	0.320807
252	0.320206
253	0.319581
254	0.319017
255	0.318361
256	0.317661
257	0.317008
258	0.316598
259	0.316123
260	0.315539
261	0.315089
262	0.31467
263	0.314355
264	0.314168
265	0.313659
266	0.313054
267	0.312663
268	0.312163
269	0.311577
270	0.311047
271	0.310847
272	0.310392
273	0.309732
274	0.309364
275	0.308967
276	0.308295
277	0.307795
278	0.307341
279	0.306745
280	0.306284
281	0.305849
282	0.30531
283	0.305032
284	0.304679
285	0.304161
286	0.303607
287	0.303244
288	0.302877
289	0.30239
290	0.301951
291	0.301446
292	0.300864
293	0.300193
294	0.299626
295	0.299273
296	0.298987
297	0.298623
298	0.298021
299	0.297789
300	0.297573
301	0.297037
302	0.296514
303	0.296338
304	0.296177
305	0.295914
306	0.295424
307	0.295074
308	0.294879
309	0.294716
310	0.294495
311	0.294414
312	0.294162
313	0.294046
314	0.293904
315	0.293637
316	0.29361
317	0.293727
318	0.293434
319	0.293226
320	0.293266
321	0.293141
322	0.292889
323	0.292869
324	0.292995
325	0.292901
326	0.292723
327	0.292513
328	0.292404
329	0.29253
330	0.292643
331	0.292533
332	0.292461
333	0.292365
334	0.29248
335	0.292781
336	0.292774
337	0.292322
338	0.292205
339	0.292527
340	0.292783
341	0.29295
342	0.29282
343	0.292523
344	0.292489
345	0.292929
346	0.293123
347	0.293004
348	0.292771
349	0.292679
350	0.292894
351	0.29306
352	0.292941
353	0.292901
354	0.292773
355	0.292756
356	0.292986
357	0.293203
358	0.292992
359	0.292608
360	0.292583
361	0.292798
362	0.293385
363	0.293872
364	0.293908
365	0.293781
366	0.293893
367	0.293962
368	0.293925
369	0.294093
370	0.294139
371	0.294013
372	0.293937
373	0.293764
374	0.293723
375	0.29382
376	0.293928
377	0.294031
378	0.294205
379	0.294052
380	0.293609
381	0.293179
382	0.293095
383	0.292801
384	0.292671
385	0.292518
386	0.292235
387	0.291969
388	0.29143
389	0.293254
390	0.29604
391	0.294979
392	0.290496
393	0.288414
394	0.289073
395	0.290006
396	0.290086
397	0.29016
398	0.290366
399	0.29
400	0.289791
401	0.290005
402	0.289779
403	0.289404
404	0.288902
405	0.288755
406	0.288579
407	0.288416
408	0.288604
409	0.288553
410	0.288312
411	0.287673
412	0.287381
413	0.286995
414	0.286652
415	0.28671
416	0.28676
417	0.286674
418	0.286178
419	0.285592
420	0.285221
421	0.284639
422	0.28474
423	0.284746
424	0.284418
425	0.284455
426	0.284138
427	0.28357
428	0.283531
429	0.283131
430	0.282668
431	0.28282
432	0.282479
433	0.282302
434	0.282084
435	0.281703
436	0.281475
437	0.281317
438	0.280854
439	0.28074
440	0.280501
441	0.280231
442	0.280159
443	0.279956
444	0.279517
445	0.279463
446	0.279281
447	0.27894
448	0.279148
449	0.279069
450	0.278636
451	0.278165
452	0.277727
453	0.277487
454	0.277751
455	0.277727
456	0.277344
457	0.277305
458	0.277105
459	0.276565
460	0.276697
461	0.276957
462	0.276313
463	0.275701
464	0.276011
465	0.275798
466	0.2757
467	0.275835
468	0.275627
469	0.275121
470	0.275203
471	0.275282
472	0.27518
473	0.275206
474	0.275101
475	0.275048
476	0.275394
477	0.275985
478	0.276134
479	0.275667
480	0.275427
481	0.275391
482	0.274805
483	0.274602
484	0.275005
485	0.27522
486	0.275289
487	0.275745
488	0.27627
489	0.27636
490	0.276176
491	0.276098
492	0.276168
493	0.275662
494	0.275327
495	0.275869
496	0.276414
497	0.276613
498	0.27658
499	0.277022
500	0.277513
501	0.277316
502	0.277463
503	0.277828
504	0.277491
505	0.277311
506	0.277574
507	0.278024
508	0.278446
509	0.278645
510	0.279154
511	0.279797
512	0.280059
513	0.279816
514	0.279823
515	0.280274
516	0.280584
517	0.280272
518	0.280443
519	0.281113
520	0.281632
521	0.281921
522	0.281937
523	0.282726
524	0.283139
525	0.283157
526	0.283143
527	0.283478
528	0.284264
529	0.284328
530	0.284147
531	0.284526
532	0.285357
533	0.285964
534	0.285973
535	0.28632
536	0.287113
537	0.287568
538	0.287659
539	0.287749
540	0.288534
541	0.289182
542	0.289201
543	0.289244
544	0.289474
545	0.29065
546	0.291209
547	0.291293
548	0.291596
549	0.291975
550	0.292995
551	0.293317
552	0.293297
553	0.293597
554	0.294478
555	0.295119
556	0.295553
557	0.295622
558	0.296035
559	0.296824
560	0.297687
561	0.298182
562	0.29841
563	0.298879
564	0.29942
565	0.300281
566	0.300718
567	0.300934
568	0.301278
569	0.301985
570	0.302733
571	0.303228
572	0.303615
573	0.304252
574	0.305181
575	0.305978
576	0.306376
577	0.306522
578	0.306955
579	0.307749
580	0.308465
581	0.309041
582	0.309456
583	0.309816
584	0.310464
585	0.311246
586	0.311983
587	0.312623
588	0.313031
589	0.314076
590	0.315307
591	0.316183
592	0.316242
593	0.316655
594	0.317279
595	0.317889
596	0.318604
597	0.319091
598	0.319688
599	0.319972
600	0.320594
601	0.321783
602	0.322987
603	0.323487
604	0.323769
605	0.324323
606	0.325479
607	0.326853
608	0.32713
609	0.327936
610	0.328417
611	0.3285
612	0.329237
613	0.33015
614	0.330851
615	0.331574
616	0.332185
617	0.332378
618	0.333008
619	0.333932
620	0.334483
621	0.335341
622	0.336165
623	0.337322
624	0.338507
625	0.339478
626	0.340112
627	0.340494
628	0.340859
629	0.341131
630	0.341774
631	0.342663
632	0.343094
633	0.343945
634	0.344715
635	0.34549
636	0.346193
637	0.347527
638	0.348456
639	0.349615
640	0.350394
641	0.351115
642	0.351865
643	0.352345
644	0.353198
645	0.354102
646	0.354684
647	0.35488
648	0.355577
649	0.356633
650	0.35728
651	0.35807
652	0.358383
653	0.358859
654	0.359749
655	0.360031
656	0.361412
657	0.362679
658	0.363553
659	0.364147
660	0.365196
661	0.366219
662	0.366466
663	0.367682
664	0.368762
665	0.369472
666	0.369823
667	0.370363
668	0.370931
669	0.371005
670	0.372051
671	0.37294
672	0.373454
673	0.373924
674	0.374537
675	0.375073
676	0.376036
677	0.377103
678	0.378193
679	0.379337
680	0.380167
681	0.380722
682	0.381029
683	0.381649
684	0.382693
685	0.383556
686	0.384126
687	0.384799
688	0.385207
689	0.385477
690	0.386469
691	0.387074
692	0.387956
693	0.388672
694	0.389613
695	0.389963
696	0.390646
697	0.391308
698	0.392591
699	0.3934
700	0.394302
701	0.395278
702	0.396249
703	0.396067
704	0.396516
705	0.39779
706	0.398699
707	0.399492
708	0.400069
709	0.400645
710	0.401661
711	0.402041
712	0.401698
713	0.402054
714	0.403138
715	0.404017
716	0.4048
717	0.406016
718	0.406178
719	0.406522
720	0.407301
721	0.408064
722	0.408534
723	0.409775
724	0.411177
725	0.411528
726	0.412346
727	0.413031
728	0.41366
729	0.414193
730	0.414211
731	0.414622
732	0.415578
733	0.416373
734	0.417088
735	0.417349
736	0.417922
737	0.418344
738	0.418853
739	0.419903
740	0.420696
741	0.421422
742	0.422359
743	0.422862
744	0.423225
745	0.423931
746	0.424209
747	0.425241
748	0.425597
749	0.426844
750	0.428052
751	0.429247
752	0.429154
753	0.428809
754	0.429048
755	0.430124
756	0.430539
757	0.431557
758	0.432821
759	0.433452
760	0.434077
761	0.434021
762	0.43395
763	0.434571
764	0.43396
765	0.434081
766	0.435275
767	0.436747
768	0.438219
769	0.439393
770	0.440016
771	0.440539
772	0.441014
773	0.441181
774	0.441567
775	0.442759
776	0.443718
777	0.444297
778	0.445244
779	0.445209
780	0.446067
781	0.446542
782	0.446342
783	0.445995
784	0.447257
785	0.448006
786	0.448877
787	0.449395
788	0.450124
789	0.450142
790	0.450342
791	0.45009
792	0.451295
793	0.452076
794	0.452935
795	0.453897
796	0.454105
797	0.454997
798	0.455684
799	0.456223
800	0.457056
801	0.457137
802	0.45733
803	0.457787
804	0.459001
805	0.460147
806	0.460345
807	0.461058
808	0.462029
809	0.462842
810	0.462847
811	0.462213
812	0.462418
813	0.46235
814	0.463391
815	0.46426
816	0.465155
817	0.466327
818	0.4672
819	0.467566
820	0.466893
821	0.466201
822	0.465119
823	0.464951
824	0.465106
825	0.465145
826	0.46624
827	0.467248
828	0.468143
829	0.469236
830	0.470667
831	0.472173
832	0.472212
833	0.471925
834	0.470941
835	0.470629
836	0.471229
837	0.472856
838	0.474135
839	0.475774
840	0.476332
841	0.475934
842	0.476167
843	0.477104
844	0.477834
845	0.477869
846	0.478125
847	0.478343
848	0.479188
849	0.480099
850	0.480583
851	0.481643
852	0.483796
853	0.484415
854	0.484876
855	0.484888
856	0.483929
857	0.484127
858	0.484846
859	0.48488
860	0.485477
861	0.485881
862	0.487934
863	0.488282
864	0.48793
865	0.488762
866	0.488813
867	0.488889
868	0.489133
869	0.488755
870	0.488714
871	0.48887
872	0.489085
873	0.490256
874	0.491211
875	0.491239
876	0.491526
877	0.491729
878	0.491335
879	0.490625
880	0.488881
881	0.488812
882	0.491391
883	0.491781
884	0.491063
885	0.491385
886	0.49212
887	0.494189
888	0.495466
889	0.496179
890	0.496284
891	0.496463
892	0.496395
893	0.496073
894	0.49457
895	0.494216
896	0.494939
897	0.495691
898	0.497306
899	0.499285
900	0.500214
901	0.501253
902	0.501113
903	0.499928
904	0.499317
905	0.499743
906	0.498978
907	0.498721
908	0.500439
909	0.502382
910	0.502736
911	0.503253
912	0.503545
913	0.50319
914	0.50254
915	0.502011
916	0.502204
917	0.502369
918	0.501753
919	0.501892
920	0.502915
921	0.503208
922	0.503883
923	0.504556
924	0.50491
925	0.506526
926	0.507749
927	0.509077
928	0.509752
929	0.510837
930	0.511278
931	0.510706
932	0.510504
933	0.511019
934	0.510356
935	0.510674
936	0.50938
937	0.509164
938	0.509722
939	0.510254
940	0.510617
941	0.511819
942	0.511645
943	0.512118
944	0.512168
945	0.512974
946	0.512787
947	0.512036
948	0.511857
949	0.512213
950	0.511485
951	0.512089
952	0.512036
953	0.512492
954	0.513868
955	0.514852
956	0.515635
957	0.516511
958	0.518563
959	0.518477
960	0.51759
961	0.517772
962	0.517399
963	0.517597
964	0.518804
965	0.518508
966	0.518141
967	0.518352
968	0.519277
969	0.520558
970	0.520739
971	0.521348
972	0.522609
973	0.523093
974	0.52297
975	0.523251
976	0.523151
977	0.523151
978	0.522438
979	0.521083
980	0.521081
981	0.522166
982	0.521389
983	0.520514
984	0.520926
985	0.52227
986	0.524456
987	0.524965
988	0.525365
989	0.526211
990	0.526034
991	0.525536
992	0.525146
993	0.525531
994	0.52659
995	0.526686
996	0.525637
997	0.526088
998	0.526
999	0.527474
1000	0.528359
1006	0.508675
1012	0.516587
1018	0.521181
1024	0.523404
1030	0.526891
1036	0.531249
1042	0.535684
1048	0.538025
1054	0.538292
1060	0.538247
1066	0.540622
1072	0.545836
1078	0.54921
1084	0.546998
1090	0.544351
1096	0.54487
1102	0.546383
1108	0.547824
1114	0.547426
1120	0.547631
1126	0.546601
1132	0.548128
1138	0.551537
1144	0.556209
1150	0.560521
1156	0.56656
1162	0.568472
1168	0.567656
1174	0.564322
1180	0.559917
1186	0.557082
1192	0.553557
1198	0.554234
1204	0.555922
1210	0.560499
1216	0.564059
1222	0.568424
1228	0.569711
1234	0.573446
1240	0.574685
1246	0.577508
1252	0.580004
1258	0.578831
1264	0.576906
1270	0.573121
1276	0.571544
1282	0.567941
1288	0.569214
1294	0.572081
1300	0.575429
1306	0.578501
1312	0.582079
1318	0.584093
1324	0.584323
1330	0.586558
1336	0.586429
1342	0.588648
1348	0.589694
1354	0.591327
1360	0.593412
1366	0.592906
1372	0.592652
1378	0.591079
1384	0.589204
1390	0.591297
1396	0.593201
1402	0.597134
1408	0.597868
1414	0.597084
1420	0.596135
1426	0.593743
1432	0.593327
1438	0.593769
1444	0.592649
1450	0.595798
1456	0.599503
1462	0.601501
1468	0.602739
1474	0.603236
1480	0.598602
1486	0.596728
1492	0.594688
1498	0.593035
1504	0.593129
1510	0.594782
1516	0.597581
1522	0.600958
1528	0.603581
1534	0.605228
1540	0.606077
1546	0.606165
1552	0.604096
1558	0.602524
1564	0.601849
1570	0.601635
1576	0.602381
1582	0.604463
1588	0.606604
1594	0.607397
1600	0.6097
1606	0.6103
1612	0.611208
1618	0.609659
1624	0.61102
1630	0.613505
1636	0.613872
1642	0.616528
1648	0.615637
1654	0.618067
1660	0.61966
1666	0.618188
1672	0.617975
1678	0.617934
1684	0.61648
1690	0.615167
1696	0.615264
1702	0.61669
1708	0.616474
1714	0.618357
1720	0.619392
1726	0.619148
1732	0.618557
1738	0.617988
1744	0.618914
1750	0.619353
1756	0.622432
1762	0.622917
1768	0.623862
1774	0.626082
1780	0.62744
1786	0.626755
1792	0.628907
1798	0.629685
1804	0.632092
1810	0.631128
1816	0.632792
1822	0.63386
1828	0.632608
1834	0.633993
1840	0.635121
1846	0.634237
1852	0.635184
1858	0.6351
1864	0.635812
1870	0.63668
1876	0.636234
1882	0.6349
1888	0.635233
1894	0.637553
1900	0.635975
1906	0.636624
1912	0.636278
1918	0.637089
1924	0.638845
1930	0.639357
1936	0.640244
1942	0.638956
1948	0.641882
1954	0.640191
1960	0.642039
1966	0.643747
1972	0.643803
1978	0.644106
1984	0.645122
1990	0.644251
1996	0.646692
2002	0.646153
2008	0.644996
2014	0.642572
2020	0.640288
2026	0.638412
2032	0.637763
2038	0.638887
2044	0.6393
2050	0.640057
2056	0.640731
2062	0.641396
2068	0.642102
2074	0.643907
2080	0.645057
2086	0.644513
2092	0.643567
2098	0.643928
2104	0.645314
2110	0.646704
2116	0.646017
2122	0.648512
2128	0.650896
2134	0.648869
2140	0.648121
2146	0.648504
2152	0.649983
2158	0.650779
2164	0.650037
2170	0.65149
2176	0.652413
2182	0.651594
2188	0.653831
2194	0.653948
2200	0.653502
2206	0.654731
2212	0.653079
2218	0.654529
2224	0.656444
2230	0.65584
2236	0.654493
2242	0.654158
2248	0.653643
2254	0.653554
2260	0.654684
2266	0.654087
2272	0.654002
2278	0.65457
2284	0.652678
2290	0.654648
2296	0.654573
2302	0.652392
2308	0.651078
2314	0.650132
2320	0.650171
2326	0.652012
2332	0.649357
2338	0.65247
2344	0.652983
2350	0.655988
2356	0.657238
2362	0.657707
2368	0.657501
2374	0.65829
2380	0.658147
2386	0.658281
2392	0.658736
2398	0.65828
2404	0.658143
2410	0.657122
2416	0.656956
2422	0.657831
2428	0.659658
2434	0.663192
2440	0.663412
2446	0.660011
2452	0.658404
2458	0.660792
2464	0.657933
2470	0.660994
2476	0.662037
2482	0.66157
2488	0.663002
2494	0.658813
2500	0.661283
