Spectroscopic Data at 7.448 min.		
Wavelength (nm)	s-Intensity	
210	0.562396	
211	0.561438	
212	0.560399	
213	0.559951	
214	0.559361	
215	0.558847	
216	0.558087	
217	0.556834	
218	0.556373	
219	0.555065	
220	0.554211	
221	0.553597	
222	0.553548	
223	0.55336	
224	0.553554	
225	0.553783	
226	0.553874	
227	0.553896	
228	0.554376	
229	0.554794	
230	0.554343	
231	0.554231	
232	0.553557	
233	0.551831	
234	0.550959	
235	0.550384	
236	0.549523	
237	0.548633	
238	0.548619	
239	0.548425	
240	0.548066	
241	0.548029	
242	0.547829	
243	0.547606	
244	0.547247	
245	0.547004	
246	0.546725	
247	0.54651	
248	0.546146	
249	0.545371	
250	0.544735	
251	0.544164	
252	0.54384	
253	0.543387	
254	0.542962	
255	0.542599	
256	0.542211	
257	0.541836	
258	0.541263	
259	0.540758	
260	0.540402	
261	0.540157	
262	0.539812	
263	0.539448	
264	0.539378	
265	0.539114	
266	0.538496	
267	0.538327	
268	0.537912	
269	0.537453	
270	0.536912	
271	0.536396	
272	0.53606	
273	0.535856	
274	0.535563	
275	0.535002	
276	0.534365	
277	0.533854	
278	0.533102	
279	0.532398	
280	0.53183	
281	0.531552	
282	0.53131	
283	0.530815	
284	0.530373	
285	0.529897	
286	0.529221	
287	0.528651	
288	0.528121	
289	0.527604	
290	0.527082	
291	0.526326	
292	0.525692	
293	0.525025	
294	0.524194	
295	0.52342	
296	0.52287	
297	0.522332	
298	0.521948	
299	0.521414	
300	0.520828	
301	0.520271	
302	0.519729	
303	0.519095	
304	0.518655	
305	0.518229	
306	0.517668	
307	0.517111	
308	0.516743	
309	0.516186	
310	0.515756	
311	0.515566	
312	0.514978	
313	0.514335	
314	0.513951	
315	0.513492	
316	0.512974	
317	0.512585	
318	0.512129	
319	0.511544	
320	0.511161	
321	0.510903	
322	0.51032	
323	0.509533	
324	0.509007	
325	0.508693	
326	0.508324	
327	0.507534	
328	0.50708	
329	0.50666	
330	0.506332	
331	0.505803	
332	0.505162	
333	0.504592	
334	0.504161	
335	0.503788	
336	0.503139	
337	0.502743	
338	0.502105	
339	0.501559	
340	0.501355	
341	0.501152	
342	0.500673	
343	0.50028	
344	0.499828	
345	0.499177	
346	0.498736	
347	0.498377	
348	0.497875	
349	0.497326	
350	0.496978	
351	0.496497	
352	0.495928	
353	0.495365	
354	0.494926	
355	0.494397	
356	0.493922	
357	0.493272	
358	0.49289	
359	0.492662	
360	0.492307	
361	0.491914	
362	0.491555	
363	0.491261	
364	0.490769	
365	0.490506	
366	0.490253	
367	0.489812	
368	0.489566	
369	0.48897	
370	0.488033	
371	0.487566	
372	0.487199	
373	0.486908	
374	0.486349	
375	0.485798	
376	0.48535	
377	0.484806	
378	0.484209	
379	0.483779	
380	0.483509	
381	0.48295	
382	0.482599	
383	0.482035	
384	0.481569	
385	0.481157	
386	0.480777	
387	0.480353	
388	0.480088	
389	0.479796	
390	0.478966	
391	0.477839	
392	0.477078	
393	0.476749	
394	0.476596	
395	0.477111	
396	0.476514	
397	0.475104	
398	0.474503	
399	0.474085	
400	0.473799	
401	0.473812	
402	0.47337	
403	0.472999	
404	0.472668	
405	0.472118	
406	0.471418	
407	0.471055	
408	0.470951	
409	0.470772	
410	0.470447	
411	0.470018	
412	0.46932	
413	0.46892	
414	0.468649	
415	0.46825	
416	0.467568	
417	0.467177	
418	0.467054	
419	0.466845	
420	0.466572	
421	0.466397	
422	0.465824	
423	0.465299	
424	0.465153	
425	0.464918	
426	0.464562	
427	0.464093	
428	0.464095	
429	0.463757	
430	0.463279	
431	0.462964	
432	0.462567	
433	0.462411	
434	0.462109	
435	0.461561	
436	0.46142	
437	0.46143	
438	0.461297	
439	0.461032	
440	0.460887	
441	0.460757	
442	0.460129	
443	0.459632	
444	0.459416	
445	0.459258	
446	0.459486	
447	0.45929	
448	0.459022	
449	0.459118	
450	0.45874	
451	0.458475	
452	0.45832	
453	0.457877	
454	0.457823	
455	0.457878	
456	0.457763	
457	0.457773	
458	0.457971	
459	0.457682	
460	0.457285	
461	0.457456	
462	0.45718	
463	0.456743	
464	0.456783	
465	0.456748	
466	0.456591	
467	0.456792	
468	0.457001	
469	0.456836	
470	0.456803	
471	0.456688	
472	0.456371	
473	0.456127	
474	0.456409	
475	0.456682	
476	0.456619	
477	0.456568	
478	0.456903	
479	0.457053	
480	0.456876	
481	0.456787	
482	0.456851	
483	0.4563	
484	0.456426	
485	0.456913	
486	0.456848	
487	0.456796	
488	0.456794	
489	0.457398	
490	0.457608	
491	0.457648	
492	0.457891	
493	0.458238	
494	0.458153	
495	0.458298	
496	0.45839	
497	0.458485	
498	0.458429	
499	0.458566	
500	0.459148	
501	0.459132	
502	0.459006	
503	0.459699	
504	0.460119	
505	0.459958	
506	0.459874	
507	0.460233	
508	0.460764	
509	0.460579	
510	0.460454	
511	0.46108	
512	0.461484	
513	0.461551	
514	0.461556	
515	0.462066	
516	0.462556	
517	0.46306	
518	0.463022	
519	0.463012	
520	0.46341	
521	0.46376	
522	0.463615	
523	0.463619	
524	0.464184	
525	0.464724	
526	0.464846	
527	0.46498	
528	0.465553	
529	0.466027	
530	0.466003	
531	0.466316	
532	0.466564	
533	0.466841	
534	0.467131	
535	0.467159	
536	0.467307	
537	0.467563	
538	0.467918	
539	0.4681	
540	0.468614	
541	0.469029	
542	0.469125	
543	0.469698	
544	0.469797	
545	0.470153	
546	0.470046	
547	0.470262	
548	0.470643	
549	0.470531	
550	0.470818	
551	0.471359	
552	0.471653	
553	0.471397	
554	0.471839	
555	0.472458	
556	0.472729	
557	0.473197	
558	0.473539	
559	0.473657	
560	0.473696	
561	0.474114	
562	0.473985	
563	0.474145	
564	0.474364	
565	0.474463	
566	0.474919	
567	0.475069	
568	0.475078	
569	0.475106	
570	0.475556	
571	0.475939	
572	0.476162	
573	0.476492	
574	0.476524	
575	0.476711	
576	0.476895	
577	0.476977	
578	0.477361	
579	0.477549	
580	0.477404	
581	0.477379	
582	0.47779	
583	0.478052	
584	0.477844	
585	0.478137	
586	0.478553	
587	0.47849	
588	0.47884	
589	0.478812	
590	0.478983	
591	0.47914	
592	0.479143	
593	0.479345	
594	0.479526	
595	0.479904	
596	0.480017	
597	0.479727	
598	0.479871	
599	0.479896	
600	0.480216	
601	0.480428	
602	0.480402	
603	0.480303	
604	0.480273	
605	0.480541	
606	0.480846	
607	0.48106	
608	0.480936	
609	0.481152	
610	0.481118	
611	0.481344	
612	0.481685	
613	0.481659	
614	0.481703	
615	0.481386	
616	0.481633	
617	0.482066	
618	0.482146	
619	0.482556	
620	0.482383	
621	0.482149	
622	0.482305	
623	0.482653	
624	0.483137	
625	0.483214	
626	0.483242	
627	0.483117	
628	0.48326	
629	0.483146	
630	0.483289	
631	0.483701	
632	0.483649	
633	0.483782	
634	0.48371	
635	0.483668	
636	0.484202	
637	0.484521	
638	0.484544	
639	0.484473	
640	0.483903	
641	0.483807	
642	0.485143	
643	0.485363	
644	0.485387	
645	0.485488	
646	0.485565	
647	0.48592	
648	0.486175	
649	0.486316	
650	0.486817	
651	0.487101	
652	0.48697	
653	0.486727	
654	0.486671	
655	0.486759	
656	0.487387	
657	0.487899	
658	0.488035	
659	0.487928	
660	0.487807	
661	0.487612	
662	0.488086	
663	0.488485	
664	0.488908	
665	0.489411	
666	0.489104	
667	0.488965	
668	0.489532	
669	0.49016	
670	0.490681	
671	0.490763	
672	0.491021	
673	0.491162	
674	0.491061	
675	0.490978	
676	0.491004	
677	0.491273	
678	0.492124	
679	0.492174	
680	0.492275	
681	0.49268	
682	0.492495	
683	0.49252	
684	0.493139	
685	0.494146	
686	0.49478	
687	0.494945	
688	0.49507	
689	0.495184	
690	0.495073	
691	0.49545	
692	0.495848	
693	0.496615	
694	0.497348	
695	0.497339	
696	0.496785	
697	0.497015	
698	0.497142	
699	0.49757	
700	0.498306	
701	0.498905	
702	0.499188	
703	0.499261	
704	0.49931	
705	0.499469	
706	0.499494	
707	0.500575	
708	0.50108	
709	0.501574	
710	0.502636	
711	0.502514	
712	0.502345	
713	0.502551	
714	0.502748	
715	0.503518	
716	0.504183	
717	0.50478	
718	0.505399	
719	0.50553	
720	0.505528	
721	0.504915	
722	0.505321	
723	0.506116	
724	0.506724	
725	0.507379	
726	0.508196	
727	0.508014	
728	0.507947	
729	0.508665	
730	0.508887	
731	0.508695	
732	0.509452	
733	0.510631	
734	0.511477	
735	0.512265	
736	0.512559	
737	0.512473	
738	0.512266	
739	0.512485	
740	0.512976	
741	0.513547	
742	0.51427	
743	0.514987	
744	0.515282	
745	0.515623	
746	0.515525	
747	0.515189	
748	0.515768	
749	0.516205	
750	0.517128	
751	0.51808	
752	0.518538	
753	0.518771	
754	0.518884	
755	0.519133	
756	0.519586	
757	0.520125	
758	0.520477	
759	0.521612	
760	0.522786	
761	0.522742	
762	0.522668	
763	0.522821	
764	0.522892	
765	0.523553	
766	0.524231	
767	0.524644	
768	0.525479	
769	0.52635	
770	0.526794	
771	0.526732	
772	0.526659	
773	0.527562	
774	0.526947	
775	0.52701	
776	0.527682	
777	0.528625	
778	0.529545	
779	0.530258	
780	0.53031	
781	0.531082	
782	0.531713	
783	0.531266	
784	0.531945	
785	0.532691	
786	0.532879	
787	0.533345	
788	0.534103	
789	0.534989	
790	0.535453	
791	0.536006	
792	0.536959	
793	0.536834	
794	0.536258	
795	0.536602	
796	0.537221	
797	0.537433	
798	0.538184	
799	0.539045	
800	0.539588	
801	0.539282	
802	0.539455	
803	0.539409	
804	0.540002	
805	0.539454	
806	0.539908	
807	0.541324	
808	0.542215	
809	0.54311	
810	0.543351	
811	0.544019	
812	0.543998	
813	0.544835	
814	0.544579	
815	0.545057	
816	0.54582	
817	0.546029	
818	0.546058	
819	0.546537	
820	0.546934	
821	0.546729	
822	0.546457	
823	0.546869	
824	0.548484	
825	0.549482	
826	0.54977	
827	0.549238	
828	0.549562	
829	0.550916	
830	0.552558	
831	0.553015	
832	0.55263	
833	0.552012	
834	0.551913	
835	0.552454	
836	0.553115	
837	0.553487	
838	0.553918	
839	0.554435	
840	0.554434	
841	0.555105	
842	0.556556	
843	0.55754	
844	0.558504	
845	0.558787	
846	0.558457	
847	0.55864	
848	0.5592	
849	0.559705	
850	0.559704	
851	0.560686	
852	0.561125	
853	0.561691	
854	0.562664	
855	0.562144	
856	0.56324	
857	0.563042	
858	0.563308	
859	0.562762	
860	0.563325	
861	0.563383	
862	0.56425	
863	0.564512	
864	0.564457	
865	0.565556	
866	0.565872	
867	0.566232	
868	0.565827	
869	0.565694	
870	0.565825	
871	0.565935	
872	0.566344	
873	0.567266	
874	0.567074	
875	0.567467	
876	0.568938	
877	0.569281	
878	0.569251	
879	0.569167	
880	0.568682	
881	0.569052	
882	0.569442	
883	0.569992	
884	0.570854	
885	0.571808	
886	0.572834	
887	0.573721	
888	0.57453	
889	0.575039	
890	0.574785	
891	0.574786	
892	0.57497	
893	0.574783	
894	0.573968	
895	0.573732	
896	0.574693	
897	0.57611	
898	0.576579	
899	0.576913	
900	0.576667	
901	0.576865	
902	0.577035	
903	0.5768	
904	0.576943	
905	0.578086	
906	0.579347	
907	0.580082	
908	0.579946	
909	0.580108	
910	0.58031	
911	0.579991	
912	0.579839	
913	0.57972	
914	0.579911	
915	0.580236	
916	0.580952	
917	0.58188	
918	0.582859	
919	0.583495	
920	0.584249	
921	0.584176	
922	0.584444	
923	0.584252	
924	0.584524	
925	0.585006	
926	0.585445	
927	0.585895	
928	0.586478	
929	0.586962	
930	0.586693	
931	0.587197	
932	0.587655	
933	0.587787	
934	0.587669	
935	0.587508	
936	0.586944	
937	0.587186	
938	0.587509	
939	0.587765	
940	0.588652	
941	0.589142	
942	0.589404	
943	0.590038	
944	0.590828	
945	0.591566	
946	0.591686	
947	0.590901	
948	0.590584	
949	0.590872	
950	0.59131	
951	0.591349	
952	0.592192	
953	0.592322	
954	0.592181	
955	0.592728	
956	0.59348	
957	0.594012	
958	0.594904	
959	0.594925	
960	0.595226	
961	0.595191	
962	0.595298	
963	0.59568	
964	0.59578	
965	0.594945	
966	0.595465	
967	0.595348	
968	0.595809	
969	0.595556	
970	0.596102	
971	0.597105	
972	0.596761	
973	0.597399	
974	0.597768	
975	0.59765	
976	0.597932	
977	0.598144	
978	0.597791	
979	0.59763	
980	0.598316	
981	0.599362	
982	0.599916	
983	0.60088	
984	0.601721	
985	0.602276	
986	0.602043	
987	0.601829	
988	0.601354	
989	0.601637	
990	0.601838	
991	0.601674	
992	0.601478	
993	0.601596	
994	0.60244	
995	0.603385	
996	0.604101	
997	0.604516	
998	0.604918	
999	0.604678	
1000	0.60412	
1006	0.597909	
1012	0.597664	
1018	0.599129	
1024	0.599908	
1030	0.601095	
1036	0.60294	
1042	0.604635	
1048	0.606067	
1054	0.607209	
1060	0.607468	
1066	0.606964	
1072	0.605593	
1078	0.606951	
1084	0.609844	
1090	0.613075	
1096	0.613771	
1102	0.6133	
1108	0.614674	
1114	0.615466	
1120	0.616449	
1126	0.615883	
1132	0.616451	
1138	0.617775	
1144	0.619305	
1150	0.620378	
1156	0.622035	
1162	0.621794	
1168	0.62188	
1174	0.622989	
1180	0.623673	
1186	0.624756	
1192	0.624475	
1198	0.625151	
1204	0.625394	
1210	0.627338	
1216	0.62831	
1222	0.629452	
1228	0.630218	
1234	0.631269	
1240	0.630438	
1246	0.629499	
1252	0.628386	
1258	0.629067	
1264	0.630595	
1270	0.630837	
1276	0.633195	
1282	0.633956	
1288	0.635216	
1294	0.635776	
1300	0.635878	
1306	0.635928	
1312	0.636634	
1318	0.637082	
1324	0.635403	
1330	0.635615	
1336	0.634971	
1342	0.636314	
1348	0.635701	
1354	0.634654	
1360	0.636089	
1366	0.637467	
1372	0.639334	
1378	0.641035	
1384	0.640642	
1390	0.640642	
1396	0.640073	
1402	0.641133	
1408	0.639779	
1414	0.638976	
1420	0.639628	
1426	0.639662	
1432	0.641093	
1438	0.642816	
1444	0.641639	
1450	0.641178	
1456	0.640424	
1462	0.639225	
1468	0.640397	
1474	0.643691	
1480	0.643616	
1486	0.644125	
1492	0.644559	
1498	0.644405	
1504	0.644964	
1510	0.6455	
1516	0.645238	
1522	0.644393	
1528	0.643178	
1534	0.642794	
1540	0.643894	
1546	0.645225	
1552	0.645692	
1558	0.645804	
1564	0.645485	
1570	0.645091	
1576	0.645379	
1582	0.646465	
1588	0.647221	
1594	0.646504	
1600	0.645632	
1606	0.644818	
1612	0.645657	
1618	0.645852	
1624	0.64772	
1630	0.649535	
1636	0.649237	
1642	0.649822	
1648	0.646761	
1654	0.647864	
1660	0.647337	
1666	0.647376	
1672	0.648515	
1678	0.649392	
1684	0.648903	
1690	0.647637	
1696	0.647264	
1702	0.647192	
1708	0.646541	
1714	0.648078	
1720	0.649067	
1726	0.649429	
1732	0.64948	
1738	0.648476	
1744	0.648579	
1750	0.648348	
1756	0.649604	
1762	0.651178	
1768	0.652568	
1774	0.653501	
1780	0.653394	
1786	0.65194	
1792	0.65093	
1798	0.650151	
1804	0.652033	
1810	0.651716	
1816	0.653438	
1822	0.654254	
1828	0.652579	
1834	0.652134	
1840	0.649931	
1846	0.649085	
1852	0.647322	
1858	0.6475	
1864	0.649072	
1870	0.650733	
1876	0.651852	
1882	0.652656	
1888	0.65295	
1894	0.653149	
1900	0.650936	
1906	0.651529	
1912	0.65149	
1918	0.652316	
1924	0.654579	
1930	0.656624	
1936	0.658521	
1942	0.659732	
1948	0.659381	
1954	0.657249	
1960	0.656016	
1966	0.65457	
1972	0.653275	
1978	0.653536	
1984	0.65526	
1990	0.655681	
1996	0.657826	
2002	0.65726	
2008	0.65575	
2014	0.654559	
2020	0.652986	
2026	0.651562	
2032	0.651019	
2038	0.651028	
2044	0.651247	
2050	0.653795	
2056	0.655137	
2062	0.65643	
2068	0.657785	
2074	0.658194	
2080	0.657118	
2086	0.65556	
2092	0.654633	
2098	0.654422	
2104	0.654919	
2110	0.655887	
2116	0.65765	
2122	0.660739	
2128	0.664406	
2134	0.666047	
2140	0.666264	
2146	0.664409	
2152	0.662955	
2158	0.661538	
2164	0.65923	
2170	0.659122	
2176	0.658371	
2182	0.659208	
2188	0.659359	
2194	0.660449	
2200	0.662179	
2206	0.663785	
2212	0.664366	
2218	0.662497	
2224	0.6613	
2230	0.660286	
2236	0.65872	
2242	0.656691	
2248	0.654446	
2254	0.653659	
2260	0.654668	
2266	0.655545	
2272	0.657667	
2278	0.659767	
2284	0.664058	
2290	0.664413	
2296	0.665776	
2302	0.664008	
2308	0.664294	
2314	0.662156	
2320	0.660609	
2326	0.661772	
2332	0.660094	
2338	0.66094	
2344	0.663369	
2350	0.664571	
2356	0.665808	
2362	0.671876	
2368	0.674062	
2374	0.675027	
2380	0.675107	
2386	0.674561	
2392	0.673067	
2398	0.671584	
2404	0.666358	
2410	0.666006	
2416	0.665216	
2422	0.665377	
2428	0.666768	
2434	0.670499	
2440	0.67088	
2446	0.672625	
2452	0.672949	
2458	0.675804	
2464	0.675256	
2470	0.675763	
2476	0.671939	
2482	0.669427	
2488	0.665759	
2494	0.666113	
2500	0.663802	
