Spectroscopic Data at 9.162 min.	
Wavelength (nm)	s-Intensity
210	0.484775
211	0.485032
212	0.484602
213	0.484214
214	0.484342
215	0.484124
216	0.483778
217	0.48366
218	0.483243
219	0.4828
220	0.48242
221	0.482664
222	0.482545
223	0.482709
224	0.483317
225	0.483767
226	0.484539
227	0.485102
228	0.485654
229	0.48594
230	0.486167
231	0.485973
232	0.485568
233	0.485263
234	0.48444
235	0.483725
236	0.483042
237	0.481835
238	0.481339
239	0.481517
240	0.481245
241	0.481004
242	0.480811
243	0.48076
244	0.480686
245	0.480317
246	0.479884
247	0.479487
248	0.479052
249	0.478721
250	0.478387
251	0.47823
252	0.47785
253	0.477383
254	0.477246
255	0.476792
256	0.476413
257	0.476321
258	0.476371
259	0.476414
260	0.47624
261	0.476112
262	0.476034
263	0.475922
264	0.475715
265	0.475123
266	0.474666
267	0.474293
268	0.473811
269	0.4733
270	0.472956
271	0.472603
272	0.472135
273	0.471784
274	0.471508
275	0.470886
276	0.470078
277	0.46962
278	0.46878
279	0.467959
280	0.467523
281	0.467191
282	0.466749
283	0.466131
284	0.465544
285	0.465048
286	0.464452
287	0.463935
288	0.463254
289	0.462574
290	0.46202
291	0.461181
292	0.460182
293	0.459245
294	0.458588
295	0.457863
296	0.456828
297	0.456275
298	0.455777
299	0.455013
300	0.454213
301	0.453743
302	0.45336
303	0.452557
304	0.451808
305	0.45125
306	0.450684
307	0.450077
308	0.449269
309	0.448577
310	0.448109
311	0.447687
312	0.44693
313	0.446251
314	0.445722
315	0.44523
316	0.444686
317	0.443964
318	0.443191
319	0.442575
320	0.442191
321	0.441698
322	0.441142
323	0.440459
324	0.439937
325	0.439347
326	0.438772
327	0.438224
328	0.437648
329	0.437105
330	0.43666
331	0.436007
332	0.435492
333	0.434745
334	0.433846
335	0.433494
336	0.433209
337	0.432885
338	0.432275
339	0.431435
340	0.430747
341	0.43059
342	0.430173
343	0.429527
344	0.429072
345	0.428479
346	0.427894
347	0.427524
348	0.42703
349	0.426606
350	0.425705
351	0.424827
352	0.424438
353	0.424365
354	0.42396
355	0.423239
356	0.42237
357	0.42181
358	0.42155
359	0.421601
360	0.421541
361	0.420965
362	0.420339
363	0.41975
364	0.419444
365	0.419262
366	0.418822
367	0.418452
368	0.417778
369	0.417194
370	0.416624
371	0.416181
372	0.415691
373	0.415214
374	0.414757
375	0.414233
376	0.413654
377	0.412991
378	0.412623
379	0.412511
380	0.412036
381	0.411584
382	0.41123
383	0.410704
384	0.410224
385	0.40973
386	0.409098
387	0.408868
388	0.408971
389	0.406821
390	0.404817
391	0.404788
392	0.406027
393	0.407138
394	0.406858
395	0.405219
396	0.404865
397	0.403508
398	0.402476
399	0.402058
400	0.401516
401	0.401195
402	0.401116
403	0.40108
404	0.400313
405	0.399542
406	0.39915
407	0.398604
408	0.398386
409	0.39809
410	0.397816
411	0.397235
412	0.39648
413	0.396013
414	0.395184
415	0.394741
416	0.394138
417	0.394066
418	0.393984
419	0.393439
420	0.392918
421	0.392285
422	0.391352
423	0.390952
424	0.390432
425	0.390011
426	0.390034
427	0.38929
428	0.388968
429	0.388421
430	0.387436
431	0.386712
432	0.38651
433	0.385954
434	0.385872
435	0.385607
436	0.384778
437	0.384385
438	0.383652
439	0.383032
440	0.382792
441	0.38204
442	0.381462
443	0.381208
444	0.380604
445	0.380117
446	0.379587
447	0.379097
448	0.378631
449	0.378239
450	0.377902
451	0.3774
452	0.376931
453	0.37623
454	0.375636
455	0.375124
456	0.374543
457	0.374417
458	0.374395
459	0.373891
460	0.373043
461	0.372541
462	0.37186
463	0.370953
464	0.370607
465	0.370408
466	0.369749
467	0.369848
468	0.370331
469	0.36975
470	0.368758
471	0.367732
472	0.366578
473	0.365725
474	0.365108
475	0.364986
476	0.364561
477	0.364366
478	0.364395
479	0.364137
480	0.363667
481	0.363006
482	0.362172
483	0.361172
484	0.360391
485	0.359959
486	0.359899
487	0.359637
488	0.359777
489	0.359812
490	0.359119
491	0.358696
492	0.358163
493	0.357364
494	0.356478
495	0.355731
496	0.355247
497	0.354901
498	0.35448
499	0.354897
500	0.355235
501	0.355063
502	0.354494
503	0.354083
504	0.353528
505	0.352483
506	0.351914
507	0.351487
508	0.351054
509	0.350768
510	0.350672
511	0.350925
512	0.35115
513	0.351055
514	0.350358
515	0.350069
516	0.349791
517	0.348802
518	0.348257
519	0.348025
520	0.347691
521	0.347542
522	0.347399
523	0.34749
524	0.347766
525	0.347622
526	0.347342
527	0.347031
528	0.346987
529	0.346685
530	0.346571
531	0.345979
532	0.345625
533	0.345854
534	0.345589
535	0.345176
536	0.34543
537	0.345459
538	0.345165
539	0.34506
540	0.344875
541	0.344908
542	0.345321
543	0.345231
544	0.344898
545	0.344795
546	0.344922
547	0.34471
548	0.344555
549	0.344414
550	0.34445
551	0.344335
552	0.344077
553	0.343984
554	0.344181
555	0.344371
556	0.344628
557	0.344654
558	0.344542
559	0.344888
560	0.345426
561	0.34532
562	0.345063
563	0.344664
564	0.344443
565	0.344432
566	0.34467
567	0.344448
568	0.344379
569	0.344759
570	0.345441
571	0.346012
572	0.346159
573	0.346316
574	0.346825
575	0.347117
576	0.347446
577	0.34719
578	0.346985
579	0.346623
580	0.346446
581	0.346696
582	0.34637
583	0.345906
584	0.346332
585	0.347275
586	0.348024
587	0.348519
588	0.349156
589	0.349845
590	0.350127
591	0.350685
592	0.350911
593	0.350612
594	0.35021
595	0.349956
596	0.349746
597	0.34972
598	0.34973
599	0.349847
600	0.349892
601	0.350471
602	0.351499
603	0.352653
604	0.353475
605	0.353939
606	0.354408
607	0.354975
608	0.355638
609	0.35598
610	0.355594
611	0.35482
612	0.354476
613	0.354406
614	0.354394
615	0.354539
616	0.354751
617	0.355231
618	0.355976
619	0.357404
620	0.358788
621	0.359686
622	0.360228
623	0.360408
624	0.360851
625	0.361054
626	0.361571
627	0.361712
628	0.361538
629	0.361089
630	0.360865
631	0.361101
632	0.361097
633	0.36115
634	0.36134
635	0.36192
636	0.3622
637	0.362819
638	0.363803
639	0.364856
640	0.365842
641	0.366589
642	0.367349
643	0.36776
644	0.368426
645	0.369089
646	0.369266
647	0.368992
648	0.36869
649	0.368286
650	0.368241
651	0.368456
652	0.368808
653	0.369149
654	0.369697
655	0.370212
656	0.370357
657	0.370996
658	0.372322
659	0.373584
660	0.374639
661	0.37513
662	0.375531
663	0.375945
664	0.376685
665	0.37736
666	0.377969
667	0.378389
668	0.378577
669	0.378229
670	0.37834
671	0.378396
672	0.378997
673	0.379815
674	0.380236
675	0.380811
676	0.381257
677	0.381501
678	0.382015
679	0.383187
680	0.38436
681	0.384779
682	0.385177
683	0.385982
684	0.38626
685	0.38681
686	0.387505
687	0.388342
688	0.388985
689	0.389096
690	0.389182
691	0.389764
692	0.390027
693	0.390276
694	0.391005
695	0.391933
696	0.392521
697	0.392644
698	0.39334
699	0.393498
700	0.393728
701	0.394304
702	0.395052
703	0.39567
704	0.396228
705	0.39688
706	0.397451
707	0.398277
708	0.398367
709	0.398899
710	0.400038
711	0.400483
712	0.401144
713	0.401906
714	0.402752
715	0.403154
716	0.403442
717	0.404537
718	0.405218
719	0.406065
720	0.406594
721	0.406624
722	0.406847
723	0.407216
724	0.407444
725	0.407681
726	0.408096
727	0.408807
728	0.409363
729	0.409761
730	0.410201
731	0.411075
732	0.411867
733	0.412251
734	0.412831
735	0.41373
736	0.41478
737	0.415945
738	0.416475
739	0.417121
740	0.417923
741	0.418857
742	0.419369
743	0.419645
744	0.420287
745	0.421103
746	0.421344
747	0.421617
748	0.421545
749	0.42175
750	0.422208
751	0.422107
752	0.422359
753	0.422735
754	0.422915
755	0.422908
756	0.42373
757	0.424406
758	0.424768
759	0.425883
760	0.426693
761	0.427253
762	0.429164
763	0.431138
764	0.433011
765	0.433759
766	0.433917
767	0.433869
768	0.434021
769	0.434614
770	0.434846
771	0.435601
772	0.435952
773	0.436322
774	0.436722
775	0.436442
776	0.436582
777	0.436596
778	0.436419
779	0.436231
780	0.436342
781	0.436666
782	0.437265
783	0.437954
784	0.437927
785	0.438631
786	0.439669
787	0.440401
788	0.441568
789	0.443155
790	0.443904
791	0.445029
792	0.446021
793	0.447075
794	0.448042
795	0.448572
796	0.449686
797	0.450633
798	0.45108
799	0.451057
800	0.451712
801	0.452274
802	0.452222
803	0.451814
804	0.451408
805	0.451453
806	0.451719
807	0.451595
808	0.450976
809	0.450982
810	0.450942
811	0.451127
812	0.451197
813	0.45161
814	0.452077
815	0.452699
816	0.454289
817	0.455477
818	0.4568
819	0.458138
820	0.459977
821	0.462617
822	0.465472
823	0.467261
824	0.467361
825	0.466953
826	0.466787
827	0.467819
828	0.468712
829	0.46847
830	0.467341
831	0.466472
832	0.466887
833	0.468089
834	0.469471
835	0.469718
836	0.468285
837	0.46687
838	0.466287
839	0.466343
840	0.467276
841	0.468123
842	0.467244
843	0.466167
844	0.465488
845	0.464936
846	0.464954
847	0.46642
848	0.46787
849	0.468477
850	0.469577
851	0.470406
852	0.471179
853	0.47222
854	0.473488
855	0.474473
856	0.474609
857	0.474831
858	0.476426
859	0.477042
860	0.47841
861	0.480046
862	0.479925
863	0.480747
864	0.481603
865	0.482074
866	0.482298
867	0.482476
868	0.482133
869	0.482436
870	0.481684
871	0.481295
872	0.482306
873	0.482171
874	0.482245
875	0.482291
876	0.482354
877	0.483018
878	0.484023
879	0.484997
880	0.487098
881	0.488788
882	0.489959
883	0.489989
884	0.489208
885	0.488091
886	0.487482
887	0.487442
888	0.488003
889	0.489029
890	0.490103
891	0.49079
892	0.492044
893	0.493952
894	0.496294
895	0.4976
896	0.497502
897	0.496905
898	0.496414
899	0.496866
900	0.496751
901	0.496851
902	0.497703
903	0.499988
904	0.501675
905	0.501459
906	0.499506
907	0.497198
908	0.495926
909	0.49564
910	0.496101
911	0.496996
912	0.497865
913	0.499122
914	0.500893
915	0.503695
916	0.504605
917	0.50407
918	0.502164
919	0.500716
920	0.499864
921	0.500071
922	0.500233
923	0.500676
924	0.500891
925	0.501321
926	0.502184
927	0.502887
928	0.503835
929	0.504404
930	0.505358
931	0.506176
932	0.505943
933	0.50635
934	0.507287
935	0.508355
936	0.508491
937	0.509825
938	0.510592
939	0.511692
940	0.512301
941	0.513258
942	0.513796
943	0.513439
944	0.513673
945	0.513491
946	0.513501
947	0.513794
948	0.513512
949	0.513131
950	0.513611
951	0.514045
952	0.514464
953	0.514361
954	0.514462
955	0.514581
956	0.514403
957	0.514453
958	0.514275
959	0.514487
960	0.51472
961	0.514348
962	0.514447
963	0.513434
964	0.514405
965	0.515214
966	0.514936
967	0.51597
968	0.516618
969	0.517272
970	0.517676
971	0.518382
972	0.519129
973	0.519716
974	0.520026
975	0.520932
976	0.52071
977	0.52166
978	0.522542
979	0.523807
980	0.525243
981	0.525109
982	0.524328
983	0.523093
984	0.522828
985	0.522735
986	0.522545
987	0.52362
988	0.524281
989	0.525577
990	0.52711
991	0.528374
992	0.52923
993	0.530313
994	0.529458
995	0.529011
996	0.528288
997	0.526877
998	0.526884
999	0.526517
1000	0.526256
1006	0.5467
1012	0.544336
1018	0.544788
1024	0.543883
1030	0.543784
1036	0.543937
1042	0.545327
1048	0.549149
1054	0.552118
1060	0.553366
1066	0.551398
1072	0.546087
1078	0.544807
1084	0.548508
1090	0.553492
1096	0.556192
1102	0.55652
1108	0.560879
1114	0.564218
1120	0.566265
1126	0.563602
1132	0.56083
1138	0.559275
1144	0.559719
1150	0.559775
1156	0.563395
1162	0.565704
1168	0.568852
1174	0.573551
1180	0.576239
1186	0.576657
1192	0.57409
1198	0.572198
1204	0.569912
1210	0.570878
1216	0.572136
1222	0.574892
1228	0.578506
1234	0.581444
1240	0.581017
1246	0.579441
1252	0.576962
1258	0.576788
1264	0.577546
1270	0.577851
1276	0.579831
1282	0.579802
1288	0.581851
1294	0.583831
1300	0.585815
1306	0.587354
1312	0.588755
1318	0.589754
1324	0.588339
1330	0.587913
1336	0.585907
1342	0.586155
1348	0.584177
1354	0.582839
1360	0.585567
1366	0.588486
1372	0.592306
1378	0.594641
1384	0.5959
1390	0.597334
1396	0.596627
1402	0.596706
1408	0.595318
1414	0.594606
1420	0.595825
1426	0.596094
1432	0.597329
1438	0.59796
1444	0.594645
1450	0.593554
1456	0.592322
1462	0.59134
1468	0.593
1474	0.59847
1480	0.600804
1486	0.60391
1492	0.605408
1498	0.605297
1504	0.604976
1510	0.603872
1516	0.602336
1522	0.601407
1528	0.600399
1534	0.599282
1540	0.599997
1546	0.601198
1552	0.602686
1558	0.603801
1564	0.604266
1570	0.604109
1576	0.603922
1582	0.604036
1588	0.60371
1594	0.602238
1600	0.603341
1606	0.604515
1612	0.60623
1618	0.605978
1624	0.606877
1630	0.607414
1636	0.606173
1642	0.60739
1648	0.605236
1654	0.607586
1660	0.607511
1666	0.606819
1672	0.607949
1678	0.609124
1684	0.609124
1690	0.609444
1696	0.60999
1702	0.610507
1708	0.60868
1714	0.608017
1720	0.607678
1726	0.60745
1732	0.607426
1738	0.607678
1744	0.60924
1750	0.610272
1756	0.611137
1762	0.611419
1768	0.611144
1774	0.611369
1780	0.611733
1786	0.611214
1792	0.613732
1798	0.614727
1804	0.61642
1810	0.615814
1816	0.616846
1822	0.617127
1828	0.615282
1834	0.614821
1840	0.614987
1846	0.614549
1852	0.614197
1858	0.614071
1864	0.614403
1870	0.613841
1876	0.612342
1882	0.611261
1888	0.610356
1894	0.613781
1900	0.613179
1906	0.614401
1912	0.614935
1918	0.615887
1924	0.617024
1930	0.61694
1936	0.617085
1942	0.615783
1948	0.618633
1954	0.618165
1960	0.618708
1966	0.620343
1972	0.620985
1978	0.62109
1984	0.621699
1990	0.619305
1996	0.620179
2002	0.617252
2008	0.616314
2014	0.616426
2020	0.616684
2026	0.616399
2032	0.616534
2038	0.617324
2044	0.615478
2050	0.615326
2056	0.61322
2062	0.612887
2068	0.612705
2074	0.612497
2080	0.612016
2086	0.612118
2092	0.613884
2098	0.616955
2104	0.619175
2110	0.61993
2116	0.620284
2122	0.622498
2128	0.623453
2134	0.622515
2140	0.622174
2146	0.623027
2152	0.623832
2158	0.624333
2164	0.625262
2170	0.626758
2176	0.628797
2182	0.628617
2188	0.628761
2194	0.627735
2200	0.625472
2206	0.625196
2212	0.624107
2218	0.621949
2224	0.620873
2230	0.620742
2236	0.620903
2242	0.620598
2248	0.620198
2254	0.620771
2260	0.621405
2266	0.620981
2272	0.619556
2278	0.61718
2284	0.617859
2290	0.618949
2296	0.620944
2302	0.619071
2308	0.618648
2314	0.619778
2320	0.622562
2326	0.622708
2332	0.624558
2338	0.628008
2344	0.629194
2350	0.629708
2356	0.630071
2362	0.630746
2368	0.629284
2374	0.629742
2380	0.6288
2386	0.628805
2392	0.630234
2398	0.6299
2404	0.633569
2410	0.633155
2416	0.633088
2422	0.634247
2428	0.636281
2434	0.636969
2440	0.636453
2446	0.636399
2452	0.63088
2458	0.63256
2464	0.629433
2470	0.629769
2476	0.626971
2482	0.627515
2488	0.62849
2494	0.625732
2500	0.625849
