Spectroscopic Data at 9.344 min.		
Wavelength (nm)	s-Intensity	
210	0.427724	
211	0.428906	
212	0.428857	
213	0.428952	
214	0.429151	
215	0.429259	
216	0.429654	
217	0.42998	
218	0.429897	
219	0.429691	
220	0.429597	
221	0.430419	
222	0.43076	
223	0.431478	
224	0.432814	
225	0.433647	
226	0.434433	
227	0.435447	
228	0.43652	
229	0.437212	
230	0.438317	
231	0.438932	
232	0.438844	
233	0.438893	
234	0.438491	
235	0.43791	
236	0.437796	
237	0.437994	
238	0.438409	
239	0.439148	
240	0.440074	
241	0.440758	
242	0.441537	
243	0.442423	
244	0.443179	
245	0.443667	
246	0.443841	
247	0.444308	
248	0.444725	
249	0.445252	
250	0.445867	
251	0.446137	
252	0.446525	
253	0.447142	
254	0.447542	
255	0.447697	
256	0.447988	
257	0.448425	
258	0.449231	
259	0.450025	
260	0.450709	
261	0.451358	
262	0.451874	
263	0.452479	
264	0.452956	
265	0.453151	
266	0.45351	
267	0.453804	
268	0.454032	
269	0.454517	
270	0.454861	
271	0.454912	
272	0.454989	
273	0.455525	
274	0.455959	
275	0.456077	
276	0.455866	
277	0.455913	
278	0.455789	
279	0.455714	
280	0.456106	
281	0.456299	
282	0.456185	
283	0.456488	
284	0.456693	
285	0.456586	
286	0.456677	
287	0.4567	
288	0.456467	
289	0.456552	
290	0.456748	
291	0.456372	
292	0.456035	
293	0.455568	
294	0.455516	
295	0.455403	
296	0.45501	
297	0.454987	
298	0.454922	
299	0.454654	
300	0.454393	
301	0.454503	
302	0.45449	
303	0.454208	
304	0.453828	
305	0.453806	
306	0.453824	
307	0.453711	
308	0.453439	
309	0.45338	
310	0.453474	
311	0.453252	
312	0.453021	
313	0.452789	
314	0.452758	
315	0.452777	
316	0.452538	
317	0.452148	
318	0.451685	
319	0.451471	
320	0.451502	
321	0.451409	
322	0.451177	
323	0.450854	
324	0.450553	
325	0.450212	
326	0.450089	
327	0.449681	
328	0.449344	
329	0.449053	
330	0.44882	
331	0.448531	
332	0.448248	
333	0.447835	
334	0.447296	
335	0.44691	
336	0.446735	
337	0.446743	
338	0.446206	
339	0.445459	
340	0.445143	
341	0.445034	
342	0.444944	
343	0.444557	
344	0.444042	
345	0.443411	
346	0.443058	
347	0.442881	
348	0.442554	
349	0.44221	
350	0.441411	
351	0.440652	
352	0.440313	
353	0.440178	
354	0.439889	
355	0.439349	
356	0.438515	
357	0.437906	
358	0.437271	
359	0.436934	
360	0.436763	
361	0.436593	
362	0.435928	
363	0.435404	
364	0.43522	
365	0.435068	
366	0.434719	
367	0.434062	
368	0.433477	
369	0.432923	
370	0.432227	
371	0.431464	
372	0.430897	
373	0.43042	
374	0.429745	
375	0.429306	
376	0.428482	
377	0.427777	
378	0.427404	
379	0.42716	
380	0.426418	
381	0.425656	
382	0.425113	
383	0.424204	
384	0.423216	
385	0.422442	
386	0.421707	
387	0.421135	
388	0.42099	
389	0.420016	
390	0.418596	
391	0.418112	
392	0.41755	
393	0.416246	
394	0.415433	
395	0.415725	
396	0.414865	
397	0.413435	
398	0.412418	
399	0.411637	
400	0.410888	
401	0.410216	
402	0.409786	
403	0.409366	
404	0.408544	
405	0.407592	
406	0.40676	
407	0.405899	
408	0.405022	
409	0.404338	
410	0.403929	
411	0.402979	
412	0.402129	
413	0.401336	
414	0.400293	
415	0.399458	
416	0.398605	
417	0.397962	
418	0.397413	
419	0.396706	
420	0.395959	
421	0.394822	
422	0.393909	
423	0.393216	
424	0.392286	
425	0.391289	
426	0.390793	
427	0.389872	
428	0.389047	
429	0.388313	
430	0.387488	
431	0.386495	
432	0.385682	
433	0.384656	
434	0.383823	
435	0.383285	
436	0.382479	
437	0.381664	
438	0.380688	
439	0.37983	
440	0.379149	
441	0.37809	
442	0.377239	
443	0.376492	
444	0.375669	
445	0.374969	
446	0.374046	
447	0.373461	
448	0.372534	
449	0.371401	
450	0.370681	
451	0.369991	
452	0.36904	
453	0.368355	
454	0.367546	
455	0.366572	
456	0.365825	
457	0.365329	
458	0.364476	
459	0.363734	
460	0.362685	
461	0.361743	
462	0.360869	
463	0.359608	
464	0.358892	
465	0.3584	
466	0.357461	
467	0.356668	
468	0.356302	
469	0.355539	
470	0.354695	
471	0.353653	
472	0.352685	
473	0.351859	
474	0.351135	
475	0.350544	
476	0.349938	
477	0.349199	
478	0.348669	
479	0.348162	
480	0.347288	
481	0.346307	
482	0.34524	
483	0.344305	
484	0.343468	
485	0.342815	
486	0.342143	
487	0.341622	
488	0.341205	
489	0.340433	
490	0.339571	
491	0.338629	
492	0.337761	
493	0.336802	
494	0.336282	
495	0.335537	
496	0.334803	
497	0.334121	
498	0.333605	
499	0.333357	
500	0.332614	
501	0.332073	
502	0.331336	
503	0.330479	
504	0.329561	
505	0.328477	
506	0.327847	
507	0.327208	
508	0.326481	
509	0.326025	
510	0.325505	
511	0.324852	
512	0.324203	
513	0.323686	
514	0.322813	
515	0.322119	
516	0.321343	
517	0.320379	
518	0.319815	
519	0.319027	
520	0.318367	
521	0.318046	
522	0.317429	
523	0.316853	
524	0.316389	
525	0.315743	
526	0.315135	
527	0.314479	
528	0.314111	
529	0.313198	
530	0.312681	
531	0.312327	
532	0.311733	
533	0.311053	
534	0.310656	
535	0.310009	
536	0.309436	
537	0.308829	
538	0.308276	
539	0.30811	
540	0.307545	
541	0.306905	
542	0.306548	
543	0.306333	
544	0.305781	
545	0.305343	
546	0.304564	
547	0.303887	
548	0.303536	
549	0.30292	
550	0.30243	
551	0.301893	
552	0.301508	
553	0.301323	
554	0.301143	
555	0.300771	
556	0.300423	
557	0.300118	
558	0.299944	
559	0.299689	
560	0.299291	
561	0.298901	
562	0.298378	
563	0.297911	
564	0.297454	
565	0.296758	
566	0.29647	
567	0.296456	
568	0.296372	
569	0.296236	
570	0.296137	
571	0.295885	
572	0.295732	
573	0.295722	
574	0.295777	
575	0.295286	
576	0.294711	
577	0.294322	
578	0.294112	
579	0.293763	
580	0.293308	
581	0.293035	
582	0.292927	
583	0.292864	
584	0.293057	
585	0.29363	
586	0.293565	
587	0.293341	
588	0.293521	
589	0.293947	
590	0.293913	
591	0.2935	
592	0.292917	
593	0.292644	
594	0.292741	
595	0.292637	
596	0.29224	
597	0.292049	
598	0.292028	
599	0.292429	
600	0.29298	
601	0.293401	
602	0.293695	
603	0.29368	
604	0.29407	
605	0.294469	
606	0.294647	
607	0.294715	
608	0.294479	
609	0.294513	
610	0.294171	
611	0.293937	
612	0.294074	
613	0.294514	
614	0.294564	
615	0.29481	
616	0.295241	
617	0.295889	
618	0.296602	
619	0.297238	
620	0.297733	
621	0.297865	
622	0.298187	
623	0.298443	
624	0.298746	
625	0.298793	
626	0.298582	
627	0.298323	
628	0.298603	
629	0.29858	
630	0.298786	
631	0.299305	
632	0.299367	
633	0.299595	
634	0.299884	
635	0.300662	
636	0.301598	
637	0.302338	
638	0.302983	
639	0.30332	
640	0.303938	
641	0.304403	
642	0.305078	
643	0.305551	
644	0.305923	
645	0.305963	
646	0.305924	
647	0.306026	
648	0.306612	
649	0.306921	
650	0.307223	
651	0.30743	
652	0.307924	
653	0.308598	
654	0.309387	
655	0.310058	
656	0.311178	
657	0.312029	
658	0.312412	
659	0.313039	
660	0.313432	
661	0.313963	
662	0.314985	
663	0.315744	
664	0.316221	
665	0.316503	
666	0.316883	
667	0.317553	
668	0.318039	
669	0.31855	
670	0.319252	
671	0.319739	
672	0.320424	
673	0.321091	
674	0.321508	
675	0.32221	
676	0.323245	
677	0.323892	
678	0.324509	
679	0.325384	
680	0.325907	
681	0.326183	
682	0.326526	
683	0.32781	
684	0.328602	
685	0.329408	
686	0.33007	
687	0.330798	
688	0.330945	
689	0.331497	
690	0.332184	
691	0.333162	
692	0.334001	
693	0.334776	
694	0.335577	
695	0.336011	
696	0.336594	
697	0.337212	
698	0.338181	
699	0.338975	
700	0.339599	
701	0.340124	
702	0.340814	
703	0.341477	
704	0.342009	
705	0.342676	
706	0.343816	
707	0.344868	
708	0.34541	
709	0.346243	
710	0.34703	
711	0.347406	
712	0.348536	
713	0.349281	
714	0.349869	
715	0.350746	
716	0.351637	
717	0.352575	
718	0.353208	
719	0.353512	
720	0.353882	
721	0.354329	
722	0.354897	
723	0.356179	
724	0.356823	
725	0.357419	
726	0.358354	
727	0.358636	
728	0.35918	
729	0.359808	
730	0.360506	
731	0.361832	
732	0.362919	
733	0.363625	
734	0.36449	
735	0.365222	
736	0.366196	
737	0.367156	
738	0.367832	
739	0.368886	
740	0.369931	
741	0.371043	
742	0.371502	
743	0.371666	
744	0.372278	
745	0.372914	
746	0.372686	
747	0.373432	
748	0.374046	
749	0.374754	
750	0.37572	
751	0.376171	
752	0.376785	
753	0.377238	
754	0.377652	
755	0.378255	
756	0.379405	
757	0.380755	
758	0.381435	
759	0.382494	
760	0.383208	
761	0.384273	
762	0.385472	
763	0.385571	
764	0.386278	
765	0.387529	
766	0.388902	
767	0.389847	
768	0.390331	
769	0.390965	
770	0.391768	
771	0.392222	
772	0.392184	
773	0.392636	
774	0.39317	
775	0.393403	
776	0.393837	
777	0.394691	
778	0.395594	
779	0.395861	
780	0.39647	
781	0.397175	
782	0.39771	
783	0.398768	
784	0.399229	
785	0.4003	
786	0.401588	
787	0.402047	
788	0.402896	
789	0.404459	
790	0.405034	
791	0.406113	
792	0.407311	
793	0.407978	
794	0.408522	
795	0.409336	
796	0.409963	
797	0.410391	
798	0.411159	
799	0.411551	
800	0.412138	
801	0.412882	
802	0.412455	
803	0.412456	
804	0.413083	
805	0.413654	
806	0.414137	
807	0.414696	
808	0.415149	
809	0.416153	
810	0.416245	
811	0.416473	
812	0.417337	
813	0.418414	
814	0.418692	
815	0.419497	
816	0.420745	
817	0.421508	
818	0.422489	
819	0.422968	
820	0.423641	
821	0.424235	
822	0.424914	
823	0.42579	
824	0.427213	
825	0.428754	
826	0.429377	
827	0.429166	
828	0.42965	
829	0.430684	
830	0.431763	
831	0.431774	
832	0.43152	
833	0.43121	
834	0.432022	
835	0.433029	
836	0.433287	
837	0.433279	
838	0.433537	
839	0.434153	
840	0.434939	
841	0.435182	
842	0.435679	
843	0.436867	
844	0.438178	
845	0.43733	
846	0.437224	
847	0.438939	
848	0.440473	
849	0.440955	
850	0.44177	
851	0.441906	
852	0.443409	
853	0.444595	
854	0.445029	
855	0.445248	
856	0.445737	
857	0.44628	
858	0.447395	
859	0.447021	
860	0.447859	
861	0.448821	
862	0.449386	
863	0.450317	
864	0.450158	
865	0.450232	
866	0.450717	
867	0.451885	
868	0.452437	
869	0.452193	
870	0.45157	
871	0.451711	
872	0.453251	
873	0.453568	
874	0.4534	
875	0.45347	
876	0.454329	
877	0.455335	
878	0.455883	
879	0.455708	
880	0.456123	
881	0.457084	
882	0.457977	
883	0.458977	
884	0.459895	
885	0.460485	
886	0.460796	
887	0.461629	
888	0.462363	
889	0.462435	
890	0.46306	
891	0.463867	
892	0.464172	
893	0.464665	
894	0.464993	
895	0.465562	
896	0.466279	
897	0.467019	
898	0.467769	
899	0.46852	
900	0.468294	
901	0.468011	
902	0.468114	
903	0.468803	
904	0.46974	
905	0.470585	
906	0.47104	
907	0.470951	
908	0.471067	
909	0.471594	
910	0.472174	
911	0.472625	
912	0.472016	
913	0.472242	
914	0.473055	
915	0.474243	
916	0.475164	
917	0.475532	
918	0.475469	
919	0.475688	
920	0.476439	
921	0.477625	
922	0.478203	
923	0.478369	
924	0.478213	
925	0.478778	
926	0.479567	
927	0.480258	
928	0.480759	
929	0.480812	
930	0.481174	
931	0.480986	
932	0.481629	
933	0.482269	
934	0.483405	
935	0.484075	
936	0.483618	
937	0.484125	
938	0.484434	
939	0.48595	
940	0.486014	
941	0.486478	
942	0.486576	
943	0.486358	
944	0.487039	
945	0.487907	
946	0.48798	
947	0.48839	
948	0.488201	
949	0.488515	
950	0.48929	
951	0.490041	
952	0.490851	
953	0.491153	
954	0.491047	
955	0.491693	
956	0.492047	
957	0.49197	
958	0.492454	
959	0.492707	
960	0.492969	
961	0.493254	
962	0.494198	
963	0.493996	
964	0.494721	
965	0.495566	
966	0.496003	
967	0.496693	
968	0.49673	
969	0.497346	
970	0.497195	
971	0.497294	
972	0.497446	
973	0.497652	
974	0.497736	
975	0.498878	
976	0.498719	
977	0.499622	
978	0.500171	
979	0.500307	
980	0.501778	
981	0.502665	
982	0.503151	
983	0.503008	
984	0.503129	
985	0.503174	
986	0.503195	
987	0.504021	
988	0.504311	
989	0.504224	
990	0.504449	
991	0.504615	
992	0.505117	
993	0.506366	
994	0.506699	
995	0.507512	
996	0.507918	
997	0.50846	
998	0.508439	
999	0.508853	
1000	0.508782	
1006	0.496985	
1012	0.498592	
1018	0.500403	
1024	0.501553	
1030	0.503354	
1036	0.505717	
1042	0.508154	
1048	0.5106	
1054	0.512973	
1060	0.514307	
1066	0.514496	
1072	0.513888	
1078	0.51406	
1084	0.517656	
1090	0.520971	
1096	0.522959	
1102	0.523341	
1108	0.526142	
1114	0.528625	
1120	0.529941	
1126	0.52992	
1132	0.530946	
1138	0.532218	
1144	0.534996	
1150	0.536478	
1156	0.539608	
1162	0.541263	
1168	0.542843	
1174	0.544682	
1180	0.545653	
1186	0.546167	
1192	0.546662	
1198	0.547068	
1204	0.548136	
1210	0.550444	
1216	0.552188	
1222	0.5544	
1228	0.556086	
1234	0.557895	
1240	0.558836	
1246	0.559442	
1252	0.559113	
1258	0.560223	
1264	0.561236	
1270	0.562349	
1276	0.56421	
1282	0.56515	
1288	0.567057	
1294	0.568901	
1300	0.570331	
1306	0.571229	
1312	0.572318	
1318	0.573269	
1324	0.573197	
1330	0.573885	
1336	0.574081	
1342	0.575563	
1348	0.575527	
1354	0.575918	
1360	0.577672	
1366	0.579504	
1372	0.581995	
1378	0.583721	
1384	0.58459	
1390	0.585792	
1396	0.585782	
1402	0.587094	
1408	0.587554	
1414	0.587733	
1420	0.588705	
1426	0.589502	
1432	0.591121	
1438	0.592572	
1444	0.59223	
1450	0.593123	
1456	0.593366	
1462	0.594388	
1468	0.596055	
1474	0.598612	
1480	0.599019	
1486	0.600468	
1492	0.601141	
1498	0.601448	
1504	0.602152	
1510	0.602741	
1516	0.603001	
1522	0.603469	
1528	0.603991	
1534	0.60413	
1540	0.605549	
1546	0.60658	
1552	0.607901	
1558	0.608515	
1564	0.608882	
1570	0.609324	
1576	0.609938	
1582	0.610802	
1588	0.611754	
1594	0.611843	
1600	0.612776	
1606	0.613568	
1612	0.614852	
1618	0.614975	
1624	0.616226	
1630	0.617636	
1636	0.617736	
1642	0.618925	
1648	0.617868	
1654	0.619446	
1660	0.620255	
1666	0.62083	
1672	0.621903	
1678	0.622961	
1684	0.623187	
1690	0.622777	
1696	0.623178	
1702	0.623724	
1708	0.623971	
1714	0.624917	
1720	0.625828	
1726	0.626316	
1732	0.626567	
1738	0.626818	
1744	0.627428	
1750	0.628573	
1756	0.630134	
1762	0.631121	
1768	0.631926	
1774	0.632891	
1780	0.63345	
1786	0.633081	
1792	0.634075	
1798	0.634032	
1804	0.635448	
1810	0.635035	
1816	0.636374	
1822	0.63728	
1828	0.636242	
1834	0.636228	
1840	0.636429	
1846	0.636187	
1852	0.635793	
1858	0.636069	
1864	0.637415	
1870	0.638663	
1876	0.639073	
1882	0.639376	
1888	0.640186	
1894	0.641506	
1900	0.641046	
1906	0.641483	
1912	0.642227	
1918	0.643057	
1924	0.644377	
1930	0.646044	
1936	0.647146	
1942	0.64681	
1948	0.64803	
1954	0.647881	
1960	0.647819	
1966	0.648745	
1972	0.649116	
1978	0.649093	
1984	0.650455	
1990	0.651514	
1996	0.652103	
2002	0.650447	
2008	0.650569	
2014	0.650319	
2020	0.650209	
2026	0.649704	
2032	0.649746	
2038	0.651121	
2044	0.65046	
2050	0.651873	
2056	0.651864	
2062	0.652423	
2068	0.653068	
2074	0.653763	
2080	0.65359	
2086	0.653186	
2092	0.653783	
2098	0.655244	
2104	0.656253	
2110	0.656662	
2116	0.658049	
2122	0.660105	
2128	0.661287	
2134	0.6618	
2140	0.661523	
2146	0.662096	
2152	0.661912	
2158	0.661186	
2164	0.6616	
2170	0.661732	
2176	0.662915	
2182	0.662284	
2188	0.662685	
2194	0.663729	
2200	0.663392	
2206	0.664768	
2212	0.664765	
2218	0.663725	
2224	0.663144	
2230	0.662159	
2236	0.66233	
2242	0.663032	
2248	0.662413	
2254	0.662647	
2260	0.663735	
2266	0.663274	
2272	0.664102	
2278	0.663159	
2284	0.665211	
2290	0.665505	
2296	0.666631	
2302	0.66657	
2308	0.665682	
2314	0.664561	
2320	0.667685	
2326	0.666178	
2332	0.666957	
2338	0.669509	
2344	0.669416	
2350	0.672465	
2356	0.67153	
2362	0.673242	
2368	0.674204	
2374	0.674659	
2380	0.672212	
2386	0.6711	
2392	0.673432	
2398	0.673545	
2404	0.673964	
2410	0.672128	
2416	0.672448	
2422	0.675138	
2428	0.676939	
2434	0.677576	
2440	0.677157	
2446	0.677199	
2452	0.675636	
2458	0.675525	
2464	0.675503	
2470	0.676216	
2476	0.675169	
2482	0.674577	
2488	0.674973	
2494	0.675133	
2500	0.673803	
