All Layer Optical Constants
Wavelength (nm)	e1, TIN 3 (Lorentz)	e2, TIN 3 (Lorentz)
245.874191	0.914097	2.642982
247.461349	0.941020	2.695889
249.048492	0.970224	2.747538
250.635620	1.001642	2.797757
252.222748	1.035189	2.846382
253.809891	1.070764	2.893252
255.397003	1.108253	2.938214
256.984100	1.147524	2.981128
258.571228	1.188435	3.021864
260.158295	1.230828	3.060306
261.745392	1.274540	3.096352
263.332458	1.319395	3.129916
264.919525	1.365211	3.160931
266.506592	1.411803	3.189343
268.093658	1.458982	3.215120
269.680695	1.506559	3.238244
271.267700	1.554345	3.258717
272.854736	1.602156	3.276556
274.441711	1.649811	3.291796
276.028748	1.697140	3.304486
277.615692	1.743975	3.314688
279.202698	1.790163	3.322479
280.789642	1.835557	3.327945
282.376587	1.880024	3.331182
283.963531	1.923444	3.332297
285.550446	1.965704	3.331401
287.137360	2.006710	3.328611
288.724243	2.046375	3.324047
290.311127	2.084628	3.317833
291.897980	2.121408	3.310094
293.484833	2.156667	3.300953
295.071686	2.190366	3.290535
296.658508	2.222478	3.278960
298.245300	2.252984	3.266347
299.832092	2.281877	3.252810
301.418854	2.309155	3.238462
303.005615	2.334825	3.223408
304.592346	2.358900	3.207749
306.179077	2.381400	3.191582
307.765778	2.402348	3.174998
309.352478	2.421774	3.158081
310.939148	2.439710	3.140913
312.525787	2.456193	3.123568
314.112396	2.471261	3.106114
315.699036	2.484954	3.088615
317.285583	2.497314	3.071130
318.872162	2.508386	3.053713
320.458740	2.518214	3.036413
322.045258	2.526843	3.019274
323.631775	2.534316	3.002337
325.218262	2.540680	2.985638
326.804749	2.545979	2.969209
328.391174	2.550256	2.953079
329.977600	2.553556	2.937274
331.564026	2.555920	2.921817
333.150391	2.557390	2.906726
334.736755	2.558006	2.892019
336.323059	2.557807	2.877711
337.909393	2.556833	2.863813
339.495667	2.555118	2.850336
341.081940	2.552699	2.837289
342.668152	2.549611	2.824678
344.254395	2.545885	2.812507
345.840576	2.541555	2.800782
347.426727	2.536649	2.789503
349.012878	2.531198	2.778673
350.598999	2.525229	2.768292
352.185089	2.518768	2.758359
353.771149	2.511842	2.748872
355.357147	2.504475	2.739830
356.943176	2.496690	2.731229
358.529144	2.488509	2.723065
360.115082	2.479953	2.715336
361.701019	2.471042	2.708036
363.286926	2.461796	2.701161
364.872772	2.452232	2.694706
366.458618	2.442369	2.688665
368.044403	2.432222	2.683033
369.630188	2.421807	2.677803
371.215942	2.411139	2.672970
372.801636	2.400232	2.668529
374.387329	2.389100	2.664471
375.972961	2.377755	2.660793
377.558624	2.366209	2.657486
379.144196	2.354474	2.654545
380.729767	2.342561	2.651964
382.315277	2.330480	2.649736
383.900787	2.318241	2.647855
385.486237	2.305854	2.646314
387.071655	2.293326	2.645108
388.657043	2.280666	2.644230
390.242432	2.267883	2.643674
391.827759	2.254984	2.643434
393.413025	2.241976	2.643505
394.998291	2.228866	2.643880
396.583527	2.215660	2.644554
398.168701	2.202364	2.645520
399.753845	2.188984	2.646774
401.338959	2.175527	2.648310
402.924042	2.161996	2.650123
404.509094	2.148396	2.652207
406.094086	2.134734	2.654557
407.679077	2.121012	2.657168
409.264008	2.107235	2.660035
410.848877	2.093408	2.663154
412.433746	2.079533	2.666519
414.018555	2.065615	2.670126
415.603363	2.051657	2.673971
417.188080	2.037663	2.678048
418.772797	2.023634	2.682354
420.357483	2.009575	2.686885
421.942078	1.995488	2.691635
423.526672	1.981376	2.696602
425.111176	1.967242	2.701781
426.695709	1.953086	2.707168
428.280121	1.938913	2.712760
429.864563	1.924723	2.718553
431.448914	1.910520	2.724543
433.033264	1.896305	2.730726
434.617584	1.882079	2.737101
436.201813	1.867845	2.743662
437.786041	1.853604	2.750407
439.370178	1.839359	2.757332
440.954285	1.825109	2.764435
442.538391	1.810858	2.771713
444.122406	1.796605	2.779161
445.706390	1.782354	2.786778
447.290344	1.768103	2.794561
448.874207	1.753856	2.802507
450.458069	1.739613	2.810613
452.041840	1.725375	2.818877
453.625641	1.711142	2.827296
455.209320	1.696917	2.835868
456.793030	1.682700	2.844589
458.376617	1.668492	2.853458
459.960205	1.654293	2.862473
461.543701	1.640104	2.871631
463.127197	1.625927	2.880929
464.710602	1.611762	2.890367
466.294006	1.597609	2.899941
467.877289	1.583469	2.909649
469.460602	1.569343	2.919490
471.043793	1.555232	2.929461
472.627014	1.541135	2.939561
474.210114	1.527054	2.949788
475.793213	1.512989	2.960139
477.376221	1.498941	2.970613
478.959229	1.484909	2.981209
480.542145	1.470895	2.991924
482.125000	1.456898	3.002757
483.707855	1.442919	3.013706
485.290619	1.428960	3.024770
486.873352	1.415019	3.035946
488.455994	1.401097	3.047234
490.038635	1.387195	3.058632
491.621185	1.373313	3.070138
493.203674	1.359451	3.081751
494.786133	1.345609	3.093469
496.368500	1.331789	3.105292
497.950867	1.317988	3.117218
499.533142	1.304210	3.129244
501.115387	1.290453	3.141371
502.697571	1.276717	3.153597
504.279694	1.263003	3.165920
505.861725	1.249312	3.178339
507.443756	1.235643	3.190854
509.025696	1.221996	3.203462
510.607605	1.208371	3.216164
512.189453	1.194770	3.228957
513.771179	1.181192	3.241840
515.352905	1.167636	3.254813
516.934570	1.154104	3.267874
518.516235	1.140595	3.281023
520.097778	1.127110	3.294258
521.679260	1.113648	3.307578
523.260620	1.100210	3.320982
524.841980	1.086796	3.334469
526.423340	1.073406	3.348040
528.004578	1.060040	3.361691
529.585754	1.046698	3.375422
531.166870	1.033380	3.389234
532.747925	1.020086	3.403123
534.328979	1.006817	3.417091
535.909851	0.993572	3.431135
537.490784	0.980352	3.445256
539.071594	0.967156	3.459452
540.652283	0.953986	3.473722
542.233032	0.940839	3.488066
543.813599	0.927718	3.502483
545.394165	0.914621	3.516971
546.974731	0.901549	3.531532
548.555115	0.888502	3.546162
550.135498	0.875480	3.560862
551.715759	0.862484	3.575631
553.296021	0.849512	3.590469
554.876160	0.836565	3.605375
556.456299	0.823643	3.620347
558.036316	0.810747	3.635386
559.616333	0.797875	3.650490
561.196167	0.785029	3.665659
562.776062	0.772208	3.680893
564.355835	0.759413	3.696190
565.935547	0.746642	3.711550
567.515137	0.733897	3.726972
569.094727	0.721177	3.742457
570.674194	0.708483	3.758002
572.253662	0.695813	3.773608
573.833008	0.683169	3.789274
575.412292	0.670551	3.805000
576.991516	0.657958	3.820784
578.570679	0.645390	3.836627
580.149780	0.632848	3.852528
581.728760	0.620331	3.868485
583.307739	0.607839	3.884500
584.886597	0.595373	3.900570
586.465393	0.582932	3.916697
588.044067	0.570517	3.932878
589.622742	0.558127	3.949114
591.201294	0.545762	3.965404
592.779846	0.533423	3.981747
594.358276	0.521109	3.998144
595.936646	0.508821	4.014593
597.514893	0.496558	4.031095
599.093140	0.484320	4.047648
600.671265	0.472108	4.064252
602.249329	0.459921	4.080907
603.827271	0.447760	4.097612
605.405151	0.435624	4.114367
606.983032	0.423513	4.131172
608.560791	0.411427	4.148026
610.138489	0.399367	4.164928
611.716064	0.387332	4.181879
613.293579	0.375323	4.198877
614.871033	0.363339	4.215922
616.448425	0.351379	4.233015
618.025757	0.339446	4.250154
619.602966	0.327537	4.267339
621.180054	0.315654	4.284569
622.757202	0.303796	4.301845
624.334106	0.291963	4.319165
625.911011	0.280155	4.336531
627.487915	0.268372	4.353940
629.064575	0.256615	4.371394
630.641296	0.244883	4.388891
632.217896	0.233176	4.406430
633.794373	0.221494	4.424013
635.370789	0.209837	4.441638
636.947144	0.198205	4.459304
638.523376	0.186598	4.477013
640.099548	0.175016	4.494762
641.675659	0.163459	4.512553
643.251709	0.151927	4.530384
644.827637	0.140420	4.548256
646.403442	0.128938	4.566167
647.979248	0.117480	4.584118
649.554932	0.106048	4.602108
651.130493	0.094640	4.620138
652.705994	0.083258	4.638206
654.281433	0.071900	4.656312
655.856812	0.060567	4.674456
657.432007	0.049258	4.692638
659.007202	0.037975	4.710858
660.582336	0.026716	4.729115
662.157349	0.015481	4.747408
663.732239	0.004272	4.765738
665.307007	-0.006913	4.784103
666.881775	-0.018074	4.802505
668.456421	-0.029210	4.820943
670.031006	-0.040321	4.839417
671.605469	-0.051408	4.857924
673.179871	-0.062470	4.876468
674.754211	-0.073508	4.895045
676.328369	-0.084521	4.913656
677.902466	-0.095510	4.932302
679.476563	-0.106475	4.950982
681.050476	-0.117415	4.969695
682.624390	-0.128331	4.988441
684.198120	-0.139223	5.007219
685.771790	-0.150090	5.026031
687.345337	-0.160934	5.044875
688.918823	-0.171753	5.063751
690.492249	-0.182547	5.082659
692.065552	-0.193318	5.101599
693.638794	-0.204065	5.120569
695.211914	-0.214787	5.139572
696.784912	-0.225486	5.158604
698.357849	-0.236160	5.177668
699.930725	-0.246811	5.196763
701.503479	-0.257437	5.215887
703.076111	-0.268040	5.235041
704.648682	-0.278619	5.254225
706.221130	-0.289174	5.273438
707.793518	-0.299705	5.292681
709.365845	-0.310212	5.311953
710.937988	-0.320696	5.331253
712.510071	-0.331155	5.350582
714.082092	-0.341592	5.369940
715.653931	-0.352004	5.389325
717.225769	-0.362393	5.408739
718.797485	-0.372758	5.428180
720.369080	-0.383100	5.447649
721.940552	-0.393418	5.467144
723.512024	-0.403713	5.486668
725.083313	-0.413985	5.506217
726.654541	-0.424233	5.525794
728.225647	-0.434457	5.545396
729.796631	-0.444658	5.565025
731.367554	-0.454836	5.584681
732.938354	-0.464990	5.604362
734.509094	-0.475122	5.624068
736.079712	-0.485230	5.643800
737.650269	-0.495315	5.663558
739.220642	-0.505377	5.683340
740.790955	-0.515416	5.703147
742.361206	-0.525431	5.722979
743.931274	-0.535424	5.742835
745.501343	-0.545394	5.762715
747.071228	-0.555340	5.782620
748.640991	-0.565264	5.802548
750.210754	-0.575165	5.822500
751.780334	-0.585043	5.842476
753.349854	-0.594899	5.862475
754.919250	-0.604731	5.882497
756.488525	-0.614541	5.902543
758.057739	-0.624328	5.922610
759.626831	-0.634092	5.942701
761.195740	-0.643834	5.962814
762.764648	-0.653553	5.982949
764.333374	-0.663250	6.003107
765.902039	-0.672924	6.023286
767.470581	-0.682576	6.043487
769.039063	-0.692205	6.063710
770.607422	-0.701812	6.083954
772.175659	-0.711396	6.104219
773.743774	-0.720959	6.124505
775.311768	-0.730498	6.144813
776.879700	-0.740016	6.165141
778.447510	-0.749512	6.185490
780.015198	-0.758985	6.205859
781.582825	-0.768437	6.226249
783.150269	-0.777865	6.246657
784.717651	-0.787273	6.267087
786.284912	-0.796658	6.287537
787.852051	-0.806021	6.308006
789.419067	-0.815362	6.328494
790.986023	-0.824681	6.349002
792.552856	-0.833979	6.369529
794.119507	-0.843254	6.390075
795.686157	-0.852508	6.410640
797.252625	-0.861740	6.431224
798.818970	-0.870951	6.451826
800.385254	-0.880140	6.472446
801.951416	-0.889307	6.493086
803.517456	-0.898452	6.513743
805.083374	-0.907576	6.534418
806.649170	-0.916679	6.555111
808.214905	-0.925760	6.575822
809.780457	-0.934820	6.596550
811.345947	-0.943858	6.617297
812.911255	-0.952875	6.638059
814.476501	-0.961871	6.658840
816.041626	-0.970846	6.679637
817.606628	-0.979799	6.700451
819.171509	-0.988731	6.721282
820.736328	-0.997642	6.742130
822.300964	-1.006532	6.762994
823.865540	-1.015401	6.783875
825.429993	-1.024248	6.804772
826.994263	-1.033075	6.825684
828.558472	-1.041881	6.846613
830.122559	-1.050666	6.867558
831.686523	-1.059430	6.888518
833.250305	-1.068174	6.909493
834.814087	-1.076896	6.930486
836.377625	-1.085598	6.951492
837.941101	-1.094279	6.972514
839.504517	-1.102940	6.993551
841.067749	-1.111580	7.014604
842.630859	-1.120199	7.035670
844.193848	-1.128798	7.056751
845.756714	-1.137377	7.077847
847.319519	-1.145935	7.098958
848.882141	-1.154472	7.120083
850.444641	-1.162989	7.141222
852.007019	-1.171486	7.162375
853.569336	-1.179963	7.183543
855.131531	-1.188420	7.204725
856.693542	-1.196856	7.225920
858.255493	-1.205272	7.247128
859.817200	-1.213668	7.268350
861.378906	-1.222044	7.289586
862.940430	-1.230400	7.310835
864.501831	-1.238736	7.332097
866.063110	-1.247052	7.353372
867.624329	-1.255348	7.374661
869.185364	-1.263624	7.395962
870.746216	-1.271880	7.417274
872.307007	-1.280117	7.438602
873.867676	-1.288334	7.459941
875.428223	-1.296531	7.481292
876.988586	-1.304709	7.502656
878.548950	-1.312867	7.524033
880.109070	-1.321005	7.545421
881.669067	-1.329124	7.566820
883.229004	-1.337224	7.588233
884.788757	-1.345304	7.609657
886.348450	-1.353364	7.631093
887.907898	-1.361405	7.652540
889.467285	-1.369427	7.673998
891.026550	-1.377430	7.695469
892.585754	-1.385413	7.716951
894.144714	-1.393377	7.738443
895.703491	-1.401322	7.759946
897.262329	-1.409248	7.781462
898.820923	-1.417155	7.802988
900.379395	-1.425043	7.824524
901.937683	-1.432912	7.846071
903.495972	-1.440762	7.867630
905.054016	-1.448593	7.889198
906.612000	-1.456405	7.910778
908.169800	-1.464198	7.932366
909.727539	-1.471973	7.953967
911.285034	-1.479729	7.975576
912.842468	-1.487466	7.997196
914.399780	-1.495184	8.018826
915.956909	-1.502884	8.040465
917.513977	-1.510566	8.062115
919.070801	-1.518228	8.083774
920.627563	-1.525872	8.105442
922.184204	-1.533498	8.127121
923.740601	-1.541106	8.148808
925.296997	-1.548695	8.170505
926.853210	-1.556266	8.192212
928.409302	-1.563818	8.213927
929.965210	-1.571352	8.235652
931.520996	-1.578868	8.257385
933.076660	-1.586366	8.279128
934.632202	-1.593846	8.300879
936.187622	-1.601308	8.322639
937.742859	-1.608751	8.344409
939.297974	-1.616177	8.366186
940.852905	-1.623585	8.387972
942.407837	-1.630975	8.409767
943.962524	-1.638347	8.431570
945.517090	-1.645701	8.453382
947.071472	-1.653037	8.475200
948.625793	-1.660356	8.497027
950.179871	-1.667657	8.518863
951.733887	-1.674940	8.540706
953.287781	-1.682206	8.562557
954.841492	-1.689454	8.584416
956.395020	-1.696684	8.606282
957.948547	-1.703897	8.628158
959.501770	-1.711092	8.650039
961.054993	-1.718271	8.671929
962.607910	-1.725431	8.693825
964.160828	-1.732575	8.715730
965.713562	-1.739701	8.737641
967.266113	-1.746810	8.759559
968.818542	-1.753901	8.781485
970.370911	-1.760976	8.803418
971.923035	-1.768033	8.825358
973.474976	-1.775073	8.847303
975.026855	-1.782097	8.869257
976.578613	-1.789103	8.891218
978.130188	-1.796092	8.913184
979.681641	-1.803065	8.935159
981.232910	-1.810020	8.957138
982.783997	-1.816958	8.979124
984.334961	-1.823880	9.001117
985.885864	-1.830785	9.023116
987.436523	-1.837673	9.045122
988.987122	-1.844545	9.067134
990.537476	-1.851400	9.089151
992.087769	-1.858238	9.111176
993.637878	-1.865060	9.133205
995.187805	-1.871865	9.155241
996.737610	-1.878653	9.177282
998.287292	-1.885426	9.199330
1010.887024	-1.939906	9.378876
1014.252563	-1.954285	9.426919
1017.618774	-1.968594	9.475005
1020.985535	-1.982833	9.523134
1024.352905	-1.997002	9.571304
1027.720947	-2.011103	9.619515
1031.089478	-2.025135	9.667768
1034.458740	-2.039098	9.716061
1037.828491	-2.052994	9.764393
1041.198975	-2.066822	9.812766
1044.570068	-2.080582	9.861176
1047.941650	-2.094275	9.909626
1051.313965	-2.107902	9.958113
1054.686768	-2.121462	10.006637
1058.060303	-2.134956	10.055199
1061.434448	-2.148384	10.103797
1064.809204	-2.161747	10.152431
1068.184448	-2.175044	10.201098
1071.560425	-2.188277	10.249804
1074.937012	-2.201445	10.298543
1078.314209	-2.214549	10.347316
1081.691895	-2.227589	10.396122
1085.070313	-2.240566	10.444963
1088.449341	-2.253479	10.493835
1091.828857	-2.266330	10.542741
1095.209106	-2.279117	10.591678
1098.589966	-2.291842	10.640647
1101.971436	-2.304506	10.689647
1105.353394	-2.317107	10.738678
1108.736084	-2.329648	10.787741
1112.119385	-2.342127	10.836833
1115.503296	-2.354545	10.885954
1118.887817	-2.366903	10.935104
1122.272827	-2.379200	10.984283
1125.658569	-2.391438	11.033492
1129.044922	-2.403616	11.082728
1132.431885	-2.415735	11.131993
1135.819458	-2.427795	11.181284
1139.207642	-2.439796	11.230603
1142.596436	-2.451739	11.279949
1145.985840	-2.463624	11.329322
1149.375854	-2.475451	11.378720
1152.766479	-2.487221	11.428144
1156.157715	-2.498933	11.477594
1159.549561	-2.510588	11.527068
1162.942017	-2.522187	11.576568
1166.335083	-2.533729	11.626092
1169.728760	-2.545215	11.675641
1173.123047	-2.556646	11.725212
1176.517944	-2.568021	11.774808
1179.913452	-2.579340	11.824427
1183.309692	-2.590606	11.874069
1186.706421	-2.601816	11.923735
1190.103760	-2.612972	11.973421
1193.501709	-2.624074	12.023130
1196.900269	-2.635122	12.072860
1200.299561	-2.646116	12.122613
1203.699341	-2.657058	12.172386
1207.099854	-2.667946	12.222182
1210.500854	-2.678782	12.271997
1213.902588	-2.689566	12.321834
1217.304810	-2.700297	12.371690
1220.707642	-2.710976	12.421565
1224.111084	-2.721604	12.471461
1227.515259	-2.732180	12.521376
1230.920044	-2.742706	12.571311
1234.325317	-2.753180	12.621264
1237.731201	-2.763604	12.671236
1241.137939	-2.773978	12.721228
1244.545044	-2.784302	12.771235
1247.952881	-2.794576	12.821262
1251.361206	-2.804801	12.871306
1254.770264	-2.814976	12.921370
1258.179932	-2.825103	12.971448
1261.590088	-2.835180	13.021544
1265.001099	-2.845210	13.071659
1268.412476	-2.855191	13.121788
1271.824585	-2.865124	13.171935
1275.237305	-2.875010	13.222097
1278.650635	-2.884848	13.272277
1282.064697	-2.894639	13.322472
1285.479248	-2.904383	13.372682
1288.894287	-2.914080	13.422907
1292.310181	-2.923731	13.473148
1295.726563	-2.933336	13.523404
1299.143555	-2.942894	13.573674
1302.561157	-2.952407	13.623960
1305.979370	-2.961875	13.674259
1309.398193	-2.971298	13.724573
1312.817749	-2.980675	13.774902
1316.237915	-2.990008	13.825245
1319.658569	-2.999296	13.875601
1323.079834	-3.008540	13.925970
1326.501831	-3.017740	13.976353
1329.924316	-3.026896	14.026748
1333.347534	-3.036008	14.077158
1336.771240	-3.045077	14.127580
1340.195679	-3.054104	14.178014
1343.620728	-3.063087	14.228461
1347.046387	-3.072027	14.278922
1350.472656	-3.080926	14.329394
1353.899536	-3.089782	14.379878
1357.326904	-3.098596	14.430373
1360.755127	-3.107368	14.480882
1364.183838	-3.116099	14.531402
1367.613037	-3.124788	14.581932
1371.043091	-3.133437	14.632475
1374.473633	-3.142044	14.683028
1377.904785	-3.150611	14.733592
1381.336548	-3.159137	14.784167
1384.768921	-3.167624	14.834753
1388.201904	-3.176070	14.885350
1391.635620	-3.184476	14.935958
1395.069946	-3.192843	14.986576
1398.504761	-3.201171	15.037204
1401.940186	-3.209459	15.087842
1405.376343	-3.217709	15.138490
1408.813110	-3.225920	15.189148
1412.250488	-3.234092	15.239817
1415.688354	-3.242226	15.290493
1419.126953	-3.250322	15.341180
1422.566162	-3.258380	15.391877
1426.005981	-3.266400	15.442582
1429.446411	-3.274383	15.493297
1432.887451	-3.282328	15.544022
1436.329102	-3.290236	15.594753
1439.771362	-3.298108	15.645494
1443.214233	-3.305943	15.696244
1446.657837	-3.313741	15.747004
1450.101929	-3.321503	15.797771
1453.546631	-3.329228	15.848547
1456.992065	-3.336918	15.899331
1460.438110	-3.344573	15.950124
1463.884644	-3.352191	16.000923
1467.331787	-3.359774	16.051731
1470.779663	-3.367322	16.102547
1474.228149	-3.374835	16.153372
1477.677246	-3.382314	16.204203
1481.126953	-3.389758	16.255043
1484.577271	-3.397167	16.305889
1488.028076	-3.404542	16.356743
1491.479736	-3.411883	16.407604
1494.931885	-3.419190	16.458473
1498.384644	-3.426464	16.509350
1501.838135	-3.433704	16.560232
1505.292114	-3.440910	16.611122
1508.746704	-3.448084	16.662018
1512.201904	-3.455224	16.712923
1515.657837	-3.462332	16.763832
1519.114380	-3.469407	16.814751
1522.571533	-3.476450	16.865675
1526.029175	-3.483460	16.916603
1529.487549	-3.490438	16.967539
1532.946533	-3.497385	17.018482
1536.406006	-3.504299	17.069431
1539.866333	-3.511183	17.120388
1543.327148	-3.518034	17.171349
1546.788574	-3.524854	17.222317
1550.250732	-3.531644	17.273291
1553.713257	-3.538402	17.324268
1557.176636	-3.545130	17.375256
1560.640503	-3.551827	17.426247
1564.105103	-3.558493	17.477243
1567.570190	-3.565130	17.528244
1571.036011	-3.571736	17.579254
1574.502441	-3.578312	17.630266
1577.969482	-3.584858	17.681286
1581.437134	-3.591375	17.732311
1584.905396	-3.597863	17.783340
1588.374268	-3.604321	17.834375
1591.843750	-3.610750	17.885416
1595.313843	-3.617150	17.936460
1598.784546	-3.623521	17.987511
1602.255981	-3.629863	18.038567
1605.727905	-3.636177	18.089628
1609.200439	-3.642462	18.140692
1612.673706	-3.648719	18.191763
1616.147583	-3.654948	18.242838
1619.622070	-3.661150	18.293919
1623.097046	-3.667323	18.345003
1626.572876	-3.673469	18.396093
1630.049072	-3.679587	18.447187
1633.526123	-3.685678	18.498285
1637.003662	-3.691741	18.549389
1640.481812	-3.697778	18.600496
1643.960571	-3.703788	18.651608
1647.440063	-3.709771	18.702726
1650.920166	-3.715727	18.753847
1654.400757	-3.721657	18.804972
1657.882080	-3.727560	18.856102
1661.363892	-3.733437	18.907234
1664.846436	-3.739288	18.958374
1668.329712	-3.745114	19.009516
1671.813477	-3.750913	19.060663
1675.297852	-3.756687	19.111813
1678.782837	-3.762435	19.162966
1682.268311	-3.768157	19.214123
1685.754639	-3.773855	19.265287
1689.241577	-3.779527	19.316454
