Spectroscopic Data at 13.069 min.		
Wavelength (nm)	Psi	Delta
210	22.028999	130.085754
211	21.965309	130.449005
212	21.928232	130.582794
213	21.85289	130.476456
214	21.794374	130.737915
215	21.748707	131.071472
216	21.66069	131.183609
217	21.571375	131.113724
218	21.529827	131.201401
219	21.487179	131.419998
220	21.431561	131.571899
221	21.346182	131.633362
222	21.271696	131.759384
223	21.227133	131.860672
224	21.169645	132.036606
225	21.10601	132.248596
226	21.035332	132.396439
227	20.954157	132.609116
228	20.921476	132.658493
229	20.87928	132.701096
230	20.838945	132.763794
231	20.798676	132.771454
232	20.754393	132.919083
233	20.683998	133.11409
234	20.601902	133.079315
235	20.552113	133.191833
236	20.500046	133.350082
237	20.476894	133.415329
238	20.429083	133.435852
239	20.363537	133.47467
240	20.327665	133.463455
241	20.258757	133.568878
242	20.223053	133.679291
243	20.177504	133.732986
244	20.131521	133.765137
245	20.076509	133.763702
246	20.018412	133.839905
247	19.970034	133.922806
248	19.923374	133.916656
249	19.90217	133.892548
250	19.852333	133.947739
251	19.79977	134.021805
252	19.754345	134.068878
253	19.726189	134.122223
254	19.671949	134.142838
255	19.615101	134.179291
256	19.594574	134.138916
257	19.550589	134.143631
258	19.503599	134.168091
259	19.467299	134.218857
260	19.440973	134.199448
261	19.397776	134.203995
262	19.362858	134.223083
263	19.327366	134.285645
264	19.284678	134.263443
265	19.247461	134.214844
266	19.208185	134.237946
267	19.16176	134.2491
268	19.130899	134.224854
269	19.101154	134.23941
270	19.070374	134.227844
271	19.030977	134.182007
272	18.990438	134.129272
273	18.964396	134.132538
274	18.921951	134.148346
275	18.891117	134.092148
276	18.861179	134.016129
277	18.842363	134.016113
278	18.797316	134.041855
279	18.753824	133.956039
280	18.722298	133.931763
281	18.699724	133.984253
282	18.686296	133.888809
283	18.653677	133.82077
284	18.625698	133.791992
285	18.593037	133.668137
286	18.566837	133.694397
287	18.555086	133.65625
288	18.519329	133.509979
289	18.497667	133.474106
290	18.48255	133.44278
291	18.449257	133.344391
292	18.435461	133.298279
293	18.428768	133.234222
294	18.405027	133.143661
295	18.382433	133.077591
296	18.363543	132.989792
297	18.34955	132.912155
298	18.33791	132.833145
299	18.320946	132.731644
300	18.314861	132.64798
301	18.29484	132.58461
302	18.281744	132.519287
303	18.285204	132.452957
304	18.28491	132.357407
305	18.277252	132.209412
306	18.26582	132.043289
307	18.254911	132.013229
308	18.252274	131.966858
309	18.247965	131.808762
310	18.248692	131.721558
311	18.257292	131.610229
312	18.261337	131.527023
313	18.271816	131.480408
314	18.276394	131.370544
315	18.268301	131.35788
316	18.275835	131.219681
317	18.285349	131.045715
318	18.294744	130.967285
319	18.310688	130.902451
320	18.331648	130.876541
321	18.352945	130.801392
322	18.358786	130.702225
323	18.372913	130.644806
324	18.400106	130.54361
325	18.417831	130.456207
326	18.425657	130.4189
327	18.444723	130.400726
328	18.460123	130.323059
329	18.482946	130.219788
330	18.500328	130.161789
331	18.518541	130.117355
332	18.55332	130.120834
333	18.561077	130.099747
334	18.57362	129.988846
335	18.592617	129.916809
336	18.626902	129.909531
337	18.649302	129.85614
338	18.665026	129.838669
339	18.692308	129.84198
340	18.707241	129.794403
341	18.741777	129.798569
342	18.753742	129.805115
343	18.761194	129.736755
344	18.79224	129.716034
345	18.803019	129.750778
346	18.808657	129.811371
347	18.833611	129.778793
348	18.880136	129.711823
349	18.880159	129.7509
350	18.89649	129.693466
351	18.926954	129.671158
352	18.94735	129.731323
353	18.946505	129.738861
354	18.945187	129.731339
355	18.974571	129.694412
356	19.002874	129.693695
357	19.027266	129.733368
358	19.027584	129.746567
359	19.03417	129.782074
360	19.048794	129.787262
361	19.074881	129.77623
362	19.095699	129.755829
363	19.114511	129.748062
364	19.111984	129.779404
365	19.125456	129.840103
366	19.144102	129.834976
367	19.154713	129.822464
368	19.160219	129.856415
369	19.175095	129.864853
370	19.182426	129.894241
371	19.205605	129.886063
372	19.216326	129.867722
373	19.19636	129.948822
374	19.202581	129.976257
375	19.227011	129.939651
376	19.232874	129.902603
377	19.233984	129.897797
378	19.230396	129.91777
379	19.232897	130.011627
380	19.260551	130.049622
381	19.277351	130.004135
382	19.274685	130.030563
383	19.262142	130.020035
384	19.271084	130.005798
385	19.258793	130.005844
386	19.268698	130.032166
387	19.294676	130.069
388	19.299303	130.049683
389	19.251925	129.855118
390	19.210287	129.754578
391	19.268982	130.0354
392	19.336864	130.229874
393	19.344198	130.159409
394	19.31743	130.083481
395	19.312267	130.138824
396	19.277	130.034668
397	19.268347	130.047241
398	19.288046	130.009201
399	19.321428	129.979156
400	19.314131	130.022751
401	19.288877	129.927582
402	19.290968	129.877365
403	19.292215	129.924484
404	19.29192	129.969925
405	19.27581	129.948135
406	19.272572	129.880661
407	19.286316	129.809738
408	19.307646	129.790482
409	19.305494	129.839981
410	19.293251	129.828156
411	19.290882	129.786194
412	19.28367	129.759109
413	19.283352	129.67778
414	19.289627	129.702942
415	19.29104	129.603546
416	19.265142	129.513474
417	19.269657	129.5186
418	19.274128	129.524353
419	19.263329	129.444656
420	19.279882	129.363388
421	19.260347	129.376312
422	19.25255	129.306641
423	19.282364	129.172073
424	19.281332	129.166901
425	19.275499	129.149933
426	19.282631	129.048447
427	19.298893	128.877213
428	19.298628	128.849213
429	19.270769	128.849548
430	19.277634	128.833099
431	19.277126	128.810059
432	19.280413	128.64975
433	19.27352	128.691681
434	19.276609	128.593231
435	19.285204	128.432175
436	19.297352	128.33168
437	19.331331	128.290131
438	19.320332	128.218674
439	19.303648	128.147202
440	19.322676	128.065323
441	19.3361	128.012802
442	19.324434	127.861137
443	19.330814	127.799789
444	19.359142	127.822853
445	19.349373	127.734924
446	19.355795	127.544022
447	19.369967	127.436577
448	19.39588	127.373947
449	19.413271	127.339714
450	19.405094	127.211174
451	19.419052	127.114609
452	19.457762	127.099052
453	19.461237	127.005646
454	19.45311	126.929825
455	19.473238	126.75843
456	19.489389	126.667679
457	19.50634	126.58847
458	19.542046	126.439857
459	19.555151	126.337013
460	19.58551	126.316353
461	19.58972	126.153122
462	19.597244	126.12339
463	19.649723	126.064484
464	19.649097	125.966125
465	19.677601	125.827354
466	19.702753	125.691818
467	19.701738	125.646805
468	19.73385	125.564842
469	19.766504	125.401321
470	19.814049	125.416176
471	19.835197	125.343803
472	19.862825	125.158615
473	19.894287	125.001015
474	19.925001	124.906281
475	19.977791	124.93605
476	19.986652	124.854446
477	19.98995	124.811378
478	20.025541	124.683289
479	20.075869	124.549446
480	20.108858	124.439621
481	20.135521	124.273659
482	20.170731	124.166466
483	20.199812	124.202415
484	20.221876	124.106056
485	20.28339	124.02816
486	20.312336	124.056221
487	20.338863	123.881653
488	20.385254	123.767647
489	20.415937	123.775032
490	20.446304	123.746658
491	20.479643	123.593559
492	20.503506	123.491806
493	20.560968	123.472748
494	20.603455	123.392441
495	20.657686	123.295341
496	20.715015	123.13028
497	20.738977	123.066429
498	20.77356	123.116982
499	20.84235	123.026039
500	20.871727	122.877304
501	20.920254	122.915863
502	20.945246	122.88015
503	21.000402	122.758324
504	21.052526	122.681938
505	21.09322	122.606758
506	21.14893	122.644936
507	21.180223	122.47673
508	21.234394	122.429863
509	21.25843	122.487076
510	21.281561	122.395927
511	21.32052	122.342468
512	21.391893	122.259331
513	21.450274	122.212341
514	21.474154	122.232506
515	21.533318	122.164558
516	21.593616	122.101067
517	21.631552	122.057945
518	21.71876	122.000198
519	21.75939	121.979172
520	21.775249	121.968117
521	21.823034	121.876045
522	21.902769	121.843002
523	21.961079	121.843689
524	21.98978	121.857986
525	22.037218	121.827202
526	22.104338	121.770386
527	22.154921	121.696861
528	22.193169	121.622337
529	22.231939	121.690796
530	22.304995	121.714668
531	22.351948	121.622604
532	22.392557	121.611641
533	22.448502	121.6045
534	22.515779	121.578194
535	22.557364	121.551407
536	22.608183	121.476257
537	22.6768	121.494209
538	22.718575	121.567398
539	22.776995	121.494057
540	22.834967	121.508911
541	22.892771	121.484245
542	22.932013	121.431465
543	22.991188	121.482513
544	23.039812	121.481781
545	23.08256	121.530853
546	23.138531	121.50679
547	23.18619	121.380508
548	23.259941	121.427551
549	23.297707	121.45018
550	23.35305	121.38131
551	23.396364	121.399879
552	23.451361	121.446022
553	23.522661	121.466354
554	23.576715	121.428856
555	23.627808	121.455177
556	23.668554	121.481079
557	23.726553	121.464569
558	23.790173	121.436638
559	23.853966	121.523865
560	23.892477	121.546539
561	23.932316	121.532211
562	23.98023	121.43869
563	24.042669	121.511971
564	24.106804	121.56987
565	24.163815	121.535301
566	24.226677	121.613853
567	24.261827	121.639816
568	24.281012	121.69989
569	24.353098	121.658928
570	24.428917	121.666229
571	24.482542	121.701256
572	24.529083	121.689545
573	24.569336	121.779091
574	24.633875	121.781189
575	24.696524	121.791641
576	24.762436	121.8498
577	24.785702	121.85981
578	24.824827	121.883835
579	24.906321	121.966644
580	24.953821	121.982124
581	24.991692	121.923058
582	25.034031	122.029564
583	25.094965	122.039162
584	25.145779	122.081856
585	25.22035	122.142326
586	25.28319	122.127831
587	25.302095	122.142868
588	25.350279	122.181435
589	25.410706	122.286873
590	25.474627	122.342705
591	25.537024	122.379211
592	25.562254	122.306808
593	25.615545	122.391708
594	25.661039	122.425972
595	25.698988	122.460014
596	25.744534	122.534241
597	25.827379	122.552437
598	25.850943	122.597374
599	25.89694	122.630951
600	25.98959	122.669685
601	26.01853	122.7313
602	26.05061	122.760513
603	26.111572	122.754303
604	26.176043	122.838463
605	26.231396	122.951607
606	26.276936	122.903923
607	26.340227	122.950935
608	26.374071	123.050453
609	26.414705	123.149498
610	26.464262	123.228096
611	26.508408	123.215034
612	26.565748	123.271591
613	26.623838	123.319832
614	26.65296	123.341583
615	26.693752	123.37764
616	26.746035	123.447395
617	26.807886	123.509789
618	26.836355	123.615158
619	26.867973	123.665779
620	26.945587	123.776199
621	26.995014	123.810318
622	27.014559	123.798996
623	27.09193	123.878502
624	27.143263	123.927277
625	27.186077	123.962814
626	27.225687	124.027298
627	27.259575	124.106949
628	27.306435	124.172768
629	27.351603	124.203941
630	27.370848	124.281868
631	27.429693	124.345276
632	27.4855	124.336571
633	27.530558	124.406075
634	27.56814	124.525993
635	27.615913	124.559425
636	27.663946	124.603241
637	27.710144	124.666115
638	27.745426	124.790398
639	27.787783	124.818802
640	27.830061	124.821907
641	27.867495	124.980263
642	27.894463	125.031471
643	27.940933	125.083656
644	28.004665	125.195953
645	28.053396	125.285393
646	28.090353	125.28141
647	28.114292	125.253654
648	28.168018	125.336327
649	28.192793	125.44899
650	28.223053	125.571472
651	28.281343	125.556099
652	28.325705	125.650497
653	28.375145	125.738853
654	28.404356	125.788383
655	28.422085	125.830719
656	28.472916	125.901924
657	28.525543	126.038383
658	28.546827	126.050919
659	28.58737	126.095261
660	28.637543	126.229988
661	28.661802	126.281792
662	28.695135	126.304802
663	28.744053	126.401024
664	28.779692	126.469551
665	28.812767	126.509346
666	28.836523	126.623032
667	28.862518	126.73494
668	28.916809	126.68
669	28.954397	126.725929
670	29.001635	126.819389
671	29.026825	126.923378
672	29.058096	126.982147
673	29.102549	127.023216
674	29.136873	127.147408
675	29.166504	127.226524
676	29.187366	127.287468
677	29.242937	127.358185
678	29.275434	127.403793
679	29.294266	127.512535
680	29.312048	127.547165
681	29.377918	127.598366
682	29.416317	127.662407
683	29.421373	127.783592
684	29.46176	127.82309
685	29.491367	127.913864
686	29.506525	128.02713
687	29.565435	128.072433
688	29.60284	128.088959
689	29.61385	128.181213
690	29.641438	128.233932
691	29.686752	128.343735
692	29.724541	128.398178
693	29.751877	128.385117
694	29.781204	128.536728
695	29.809177	128.571182
696	29.844439	128.666809
697	29.880262	128.746307
698	29.885378	128.77681
699	29.915209	128.843292
700	29.958181	128.873932
701	29.986181	128.990433
702	30.002321	129.04245
703	30.050846	129.116989
704	30.078363	129.198608
705	30.09898	129.220215
706	30.124914	129.272537
707	30.138927	129.41333
708	30.176485	129.455536
709	30.223816	129.474609
710	30.236746	129.483231
711	30.283104	129.613434
712	30.317589	129.759476
713	30.321577	129.812881
714	30.362743	129.862045
715	30.394308	129.970779
716	30.406677	129.970322
717	30.435282	130.047531
718	30.476721	130.152969
719	30.508194	130.200089
720	30.523937	130.264038
721	30.54884	130.368851
722	30.582153	130.409836
723	30.582989	130.514847
724	30.622318	130.563019
725	30.655737	130.600388
726	30.682863	130.674316
727	30.71521	130.672699
728	30.732536	130.792831
729	30.752424	130.876007
730	30.760284	130.920471
731	30.790247	130.990265
732	30.829582	131.051071
733	30.864655	131.168686
734	30.868492	131.178391
735	30.900738	131.218796
736	30.933794	131.329178
737	30.941753	131.428543
738	30.965731	131.395386
739	30.983997	131.443573
740	31.033401	131.53038
741	31.046602	131.665573
742	31.060287	131.762115
743	31.065998	131.768005
744	31.123262	131.874832
745	31.128387	131.872498
746	31.145573	131.978104
747	31.175072	132.08313
748	31.202147	132.127335
749	31.224438	132.214874
750	31.241106	132.238449
751	31.26235	132.325592
752	31.277189	132.375565
753	31.294859	132.425583
754	31.33213	132.531357
755	31.375822	132.549759
756	31.384529	132.569382
757	31.386618	132.658401
758	31.418993	132.718079
759	31.447102	132.810913
760	31.459778	132.857697
761	31.455647	133.033768
762	31.489019	132.999863
763	31.541733	133.058395
764	31.557352	133.065262
765	31.564955	133.178909
766	31.592081	133.273499
767	31.586428	133.327377
768	31.620407	133.415955
769	31.665838	133.431381
770	31.65271	133.512909
771	31.679323	133.585922
772	31.703691	133.662659
773	31.732626	133.758331
774	31.757645	133.741013
775	31.759439	133.851624
776	31.802528	133.980225
777	31.78614	133.931747
778	31.807272	133.903793
779	31.861685	134.035645
780	31.869602	134.15744
781	31.87513	134.143112
782	31.909033	134.15715
783	31.917631	134.289398
784	31.930105	134.32399
785	31.932409	134.452988
786	31.962091	134.486038
787	31.992392	134.601685
788	31.987787	134.622498
789	32.001133	134.615341
790	32.033554	134.689316
791	32.042164	134.748932
792	32.079597	134.918777
793	32.091499	134.931442
794	32.132404	135.013123
795	32.143654	134.991104
796	32.13855	135.006958
797	32.159672	135.112564
798	32.17099	135.211273
799	32.192894	135.261139
800	32.195568	135.355087
801	32.205685	135.363113
802	32.228371	135.427765
803	32.240181	135.536469
804	32.276466	135.600418
805	32.293179	135.636734
806	32.307198	135.696533
807	32.338779	135.652756
808	32.356163	135.762466
809	32.356503	135.855118
810	32.362545	135.860626
811	32.367462	135.929779
812	32.394676	135.914978
813	32.429974	136.02948
814	32.448551	136.100815
815	32.465092	136.141739
816	32.48402	136.14975
817	32.49345	136.230148
818	32.495342	136.29039
819	32.522266	136.329117
820	32.535748	136.34166
821	32.545906	136.46257
822	32.560764	136.494492
823	32.569016	136.566605
824	32.574707	136.70163
825	32.595638	136.764786
826	32.616417	136.813171
827	32.643742	136.857132
828	32.64679	136.895645
829	32.652794	136.969681
830	32.677933	137.049652
831	32.683186	137.0896
832	32.71817	137.114288
833	32.746071	137.15863
834	32.744179	137.161453
835	32.751228	137.218079
836	32.767006	137.317764
837	32.779266	137.425003
838	32.791111	137.406601
839	32.811623	137.430328
840	32.819839	137.511475
841	32.835812	137.56929
842	32.828026	137.673233
843	32.8545	137.680862
844	32.861835	137.74234
845	32.886986	137.819
846	32.893696	137.859894
847	32.905739	137.904678
848	32.936405	137.985062
849	32.95771	138.078033
850	32.969017	138.055252
851	32.955704	138.059219
852	32.976192	138.27269
853	32.991787	138.246063
854	33.010021	138.176361
855	33.017052	138.304977
856	33.032757	138.369354
857	32.9939	138.426117
858	33.038239	138.437103
859	33.057301	138.562317
860	33.040504	138.511597
861	33.070953	138.567841
862	33.089088	138.639359
863	33.103111	138.666992
864	33.104095	138.723923
865	33.124348	138.811722
866	33.162735	138.865204
867	33.157024	138.89679
868	33.151493	138.99736
869	33.181538	139.032593
870	33.193661	139.043472
871	33.225979	139.138702
872	33.240475	139.179657
873	33.224327	139.172089
874	33.237469	139.255432
875	33.267258	139.320175
876	33.277046	139.349075
877	33.276649	139.371948
878	33.295872	139.384857
879	33.312042	139.485214
880	33.306431	139.532639
881	33.314301	139.581619
882	33.312599	139.718094
883	33.322487	139.740143
884	33.345673	139.765472
885	33.357368	139.832016
886	33.378067	139.910355
887	33.384026	139.963348
888	33.408543	140.007278
889	33.407047	140.015747
890	33.421329	140.001038
891	33.438675	140.117386
892	33.442986	140.119415
893	33.469814	140.154694
894	33.470444	140.242432
895	33.469425	140.269531
896	33.468311	140.381058
897	33.483681	140.390839
898	33.511681	140.397461
899	33.501808	140.469559
900	33.5075	140.53772
901	33.544849	140.591599
902	33.54694	140.600235
903	33.565506	140.615417
904	33.576828	140.646393
905	33.569851	140.707367
906	33.576744	140.797195
907	33.585854	140.855484
908	33.602306	140.912567
909	33.615932	140.903458
910	33.619274	140.931152
911	33.634209	141.024597
912	33.643642	140.99913
913	33.642509	141.038773
914	33.661285	141.104141
915	33.676586	141.128983
916	33.688217	141.213806
917	33.693951	141.336731
918	33.695084	141.374725
919	33.686584	141.402115
920	33.687756	141.449463
921	33.715115	141.502533
922	33.715038	141.52861
923	33.737801	141.510895
924	33.744404	141.560181
925	33.733829	141.622498
926	33.753647	141.689545
927	33.793953	141.68811
928	33.795258	141.743942
929	33.794006	141.751175
930	33.801586	141.829391
931	33.792423	141.83226
932	33.79821	141.931091
933	33.813728	141.92601
934	33.845337	142.056686
935	33.862728	142.067322
936	33.8414	142.087402
937	33.845871	142.05748
938	33.876766	142.190308
939	33.879436	142.242264
940	33.8904	142.315247
941	33.893414	142.341995
942	33.880482	142.355743
943	33.887283	142.378159
944	33.923607	142.460693
945	33.930508	142.414703
946	33.938805	142.565201
947	33.932312	142.606857
948	33.950314	142.570663
949	33.97065	142.659409
950	33.972992	142.687073
951	33.963997	142.691132
952	33.977818	142.701859
953	34.006943	142.783844
954	33.985371	142.823059
955	33.999687	142.882385
956	34.004902	142.949081
957	34.023006	142.920227
958	34.022926	142.993103
959	34.027802	143.102203
960	34.059834	143.06781
961	34.053101	143.069153
962	34.036377	143.158554
963	34.042561	143.164001
964	34.047161	143.247101
965	34.0854	143.303299
966	34.081314	143.321091
967	34.11097	143.348663
968	34.096363	143.423096
969	34.107803	143.508499
970	34.108559	143.428818
971	34.131252	143.506058
972	34.127438	143.570465
973	34.149933	143.662476
974	34.148659	143.666611
975	34.172874	143.783859
976	34.165981	143.731827
977	34.193298	143.72998
978	34.178246	143.799545
979	34.191898	143.822418
980	34.189869	143.85762
981	34.195404	143.960098
982	34.197887	144.091843
983	34.203754	144.149063
984	34.221031	144.10025
985	34.22493	144.129959
986	34.234352	144.128067
987	34.247101	144.090607
988	34.236328	144.166382
989	34.256584	144.227356
990	34.284191	144.223068
991	34.262955	144.212433
992	34.289024	144.238663
993	34.272896	144.284225
994	34.276123	144.365967
995	34.286354	144.443253
996	34.284061	144.437637
997	34.293419	144.565155
998	34.327885	144.572372
999	34.354752	144.507248
1000	34.342163	144.475372
1006	34.367676	144.96759
1012	34.427631	145.169617
1018	34.459648	145.371292
1024	34.502911	145.597946
1030	34.532692	145.825409
1036	34.572041	146.041779
1042	34.605247	146.218079
1048	34.641121	146.448776
1054	34.674267	146.640976
1060	34.702614	146.833862
1066	34.736973	147.001663
1072	34.758053	147.13327
1078	34.759235	147.24144
1084	34.810852	147.487396
1090	34.82373	147.675644
1096	34.843948	147.833878
1102	34.877266	147.976166
1108	34.905434	148.217651
1114	34.958889	148.418701
1120	34.962318	148.58017
1126	34.999413	148.7995
1132	35.033905	148.985443
1138	35.044865	149.174637
1144	35.077744	149.329056
1150	35.114273	149.539764
1156	35.125896	149.7173
1162	35.160431	149.892105
1168	35.180702	150.043961
1174	35.194904	150.165466
1180	35.209057	150.299301
1186	35.231113	150.466461
1192	35.2603	150.632675
1198	35.261284	150.784012
1204	35.2859	150.944992
1210	35.306267	151.07518
1216	35.317425	151.213501
1222	35.334343	151.419632
1228	35.363445	151.522018
1234	35.376621	151.664429
1240	35.403931	151.83667
1246	35.417511	151.987717
1252	35.425991	152.112289
1258	35.455833	152.216614
1264	35.474617	152.373383
1270	35.493073	152.497574
1276	35.484241	152.690247
1282	35.510269	152.829041
1288	35.529335	152.948059
1294	35.534248	153.06694
1300	35.556942	153.160187
1306	35.574211	153.304214
1312	35.593201	153.425247
1318	35.600529	153.524124
1324	35.630344	153.682068
1330	35.62466	153.821762
1336	35.645252	153.944107
1342	35.651653	154.061264
1348	35.678379	154.217499
1354	35.682159	154.310532
1360	35.688812	154.389893
1366	35.706898	154.513092
1372	35.721786	154.64032
1378	35.726154	154.736435
1384	35.745308	154.858902
1390	35.749229	154.995316
1396	35.769825	155.118561
1402	35.777054	155.226196
1408	35.797661	155.33078
1414	35.813152	155.415085
1420	35.820461	155.527786
1426	35.832546	155.631409
1432	35.833122	155.706146
1438	35.832275	155.808044
1444	35.848877	155.924835
1450	35.855385	156.043732
1456	35.866714	156.176575
1462	35.894917	156.221481
1468	35.905903	156.346619
1474	35.899578	156.421555
1480	35.91151	156.48526
1486	35.916817	156.591705
1492	35.925735	156.701874
1498	35.936382	156.812195
1504	35.945339	156.914413
1510	35.951694	157.003342
1516	35.959805	157.082291
1522	35.971497	157.181656
1528	35.984447	157.316879
1534	36.001228	157.410645
1540	36.001991	157.430008
1546	36.004101	157.528854
1552	36.015087	157.62439
1558	36.012535	157.697418
1564	36.020893	157.779175
1570	36.033554	157.880859
1576	36.039772	157.979797
1582	36.040264	158.052063
1588	36.045486	158.11525
1594	36.070992	158.223465
1600	36.089798	158.290771
1606	36.091446	158.371582
1612	36.097542	158.458649
1618	36.104561	158.535553
1624	36.097118	158.632767
1630	36.100895	158.723083
1636	36.121029	158.765747
1642	36.110146	158.817261
1648	36.142708	158.924805
1654	36.138741	158.977982
1660	36.147243	159.06485
1666	36.159798	159.180359
1672	36.161354	159.236496
1678	36.166077	159.293198
1684	36.177753	159.376266
1690	36.180099	159.435928
1696	36.177692	159.551117
1702	36.183563	159.628983
1708	36.193245	159.661179
1714	36.187756	159.768677
1720	36.191456	159.815216
1726	36.205517	159.885483
1732	36.221016	159.999252
1738	36.233047	160.022018
1744	36.236324	160.145172
1750	36.239742	160.215729
1756	36.232887	160.230072
1762	36.240574	160.336517
1768	36.256516	160.43158
1774	36.258976	160.464218
1780	36.256054	160.481171
1786	36.275539	160.551117
1792	36.278812	160.646683
1798	36.280491	160.757202
1804	36.272655	160.761368
1810	36.279724	160.838364
1816	36.290138	160.896713
1822	36.300602	160.96312
1828	36.311184	161.033737
1834	36.318329	161.044113
1840	36.314266	161.122604
1846	36.324505	161.19928
1852	36.325363	161.26825
1858	36.331493	161.33078
1864	36.334412	161.393631
1870	36.335892	161.458374
1876	36.342209	161.519669
1882	36.352081	161.562744
1888	36.350079	161.555939
1894	36.34161	161.652527
1900	36.351219	161.724014
1906	36.345409	161.830215
1912	36.3643	161.88884
1918	36.383797	161.948547
1924	36.386829	162.012955
1930	36.383068	162.037506
1936	36.383217	162.079453
1942	36.39217	162.157623
1948	36.398834	162.224289
1954	36.415218	162.272293
1960	36.404781	162.37088
1966	36.400169	162.42662
1972	36.405483	162.442245
1978	36.41301	162.477585
1984	36.426369	162.527969
1990	36.437351	162.54068
1996	36.429928	162.673172
2002	36.430119	162.673584
2008	36.440849	162.715195
2014	36.447258	162.803955
2020	36.452785	162.868896
2026	36.452805	162.898346
2032	36.451855	162.931747
2038	36.455078	162.998093
2044	36.442608	163.067825
2050	36.451782	163.133514
2056	36.451607	163.146469
2062	36.463589	163.176971
2068	36.478008	163.210922
2074	36.47308	163.26265
2080	36.470959	163.348846
2086	36.488976	163.435379
2092	36.499996	163.468414
2098	36.483303	163.447159
2104	36.482742	163.448868
2110	36.483929	163.590439
2116	36.452133	163.60289
2122	36.482372	163.668655
2128	36.49688	163.69368
2134	36.495907	163.759171
2140	36.499249	163.831924
2146	36.495541	163.897095
2152	36.506042	163.945435
2158	36.522247	163.960632
2164	36.508244	163.983734
2170	36.496223	164.048782
2176	36.525417	164.018112
2182	36.54097	164.122803
2188	36.526978	164.254517
2194	36.510181	164.212906
2200	36.53672	164.291046
2206	36.530773	164.328995
2212	36.522057	164.358795
2218	36.521786	164.416122
2224	36.53701	164.517899
2230	36.56105	164.486816
2236	36.575706	164.514755
2242	36.565315	164.577621
2248	36.551933	164.598465
2254	36.549995	164.625259
2260	36.545338	164.643127
2266	36.554028	164.728378
2272	36.556606	164.660233
2278	36.557014	164.860153
2284	36.592968	164.893753
2290	36.559631	164.798309
2296	36.605511	164.919586
2302	36.622303	164.921005
2308	36.571949	164.921997
2314	36.555622	165.186218
2320	36.572433	165.017914
2326	36.584347	165.242477
2332	36.629204	165.135483
2338	36.576088	165.338806
2344	36.572849	165.171616
2350	36.619873	165.140518
2356	36.593487	165.2724
2362	36.534565	165.380447
2368	36.574741	165.531921
2374	36.657974	165.745087
2380	36.658073	165.641724
2386	36.644543	165.542587
2392	36.621033	165.504745
2398	36.648846	165.54837
2404	36.616726	165.582733
2410	36.609955	165.772781
2416	36.601624	166.012787
2422	36.626877	165.818054
2428	36.635628	165.887756
2434	36.635399	165.991364
2440	36.598507	165.922958
2446	36.662285	166.067307
2452	36.587246	166.119644
2458	36.71983	166.039505
2464	36.685295	165.950378
2470	36.655807	166.079575
2476	36.60667	166.040543
2482	36.640488	166.288864
2488	36.654556	166.566101
2494	36.640312	166.303391
2500	36.663895	166.319077
