Spectroscopic Data at 13.069 min.		
Wavelength (nm)	p-Intensity	s-Intensity
210	0.084143	0.513966
211	0.083087	0.510772
212	0.082505	0.509094
213	0.081741	0.508231
214	0.081117	0.507341
215	0.08066	0.506827
216	0.07956	0.504405
217	0.078562	0.502627
218	0.078182	0.50233
219	0.077457	0.499847
220	0.076676	0.497637
221	0.075782	0.496167
222	0.075107	0.495539
223	0.074675	0.494962
224	0.074202	0.494767
225	0.073642	0.494285
226	0.072998	0.493581
227	0.072369	0.493491
228	0.072157	0.493726
229	0.071826	0.493642
230	0.071349	0.492437
231	0.070904	0.491443
232	0.070393	0.490184
233	0.069617	0.488391
234	0.068923	0.487738
235	0.068341	0.486182
236	0.067713	0.484387
237	0.067299	0.482619
238	0.066781	0.481345
239	0.06612	0.479935
240	0.065719	0.478862
241	0.065108	0.47793
242	0.064807	0.477549
243	0.064381	0.476739
244	0.063859	0.475227
245	0.063382	0.474494
246	0.062837	0.473385
247	0.062322	0.47198
248	0.061908	0.471231
249	0.061632	0.470221
250	0.061138	0.468995
251	0.060611	0.467633
252	0.060166	0.466513
253	0.059849	0.465497
254	0.059348	0.464357
255	0.05888	0.463594
256	0.058645	0.462794
257	0.058218	0.461667
258	0.057826	0.46095
259	0.05751	0.460281
260	0.057213	0.459246
261	0.056788	0.45803
262	0.056473	0.457271
263	0.056158	0.45652
264	0.055857	0.456252
265	0.055504	0.45526
266	0.055119	0.454097
267	0.054763	0.453526
268	0.05446	0.452595
269	0.054168	0.451675
270	0.053901	0.451019
271	0.053649	0.450913
272	0.053308	0.450109
273	0.052999	0.448824
274	0.052669	0.448191
275	0.052409	0.447547
276	0.05212	0.446599
277	0.051906	0.445724
278	0.051542	0.444883
279	0.051169	0.443867
280	0.050893	0.443072
281	0.050674	0.442312
282	0.050537	0.441795
283	0.050285	0.441247
284	0.050035	0.440473
285	0.049747	0.439591
286	0.049498	0.438718
287	0.049352	0.438021
288	0.049084	0.43745
289	0.048869	0.436632
290	0.048688	0.435771
291	0.048434	0.435181
292	0.048249	0.434212
293	0.048108	0.433285
294	0.047867	0.432303
295	0.047642	0.431413
296	0.047482	0.43091
297	0.047329	0.430222
298	0.047178	0.429433
299	0.047037	0.428998
300	0.046933	0.42836
301	0.046755	0.427732
302	0.046606	0.427022
303	0.046564	0.426471
304	0.046526	0.426131
305	0.046454	0.425861
306	0.046331	0.425298
307	0.046203	0.424665
308	0.046131	0.42414
309	0.046072	0.423805
310	0.046022	0.423311
311	0.046012	0.422794
312	0.045979	0.422289
313	0.046037	0.4223
314	0.04604	0.422104
315	0.045947	0.421648
316	0.04597	0.421491
317	0.046019	0.42147
318	0.046042	0.421215
319	0.046112	0.421072
320	0.046205	0.420884
321	0.046289	0.420606
322	0.046292	0.420347
323	0.046338	0.420068
324	0.046492	0.420131
325	0.046593	0.420176
326	0.046591	0.419774
327	0.046702	0.419842
328	0.046776	0.419756
329	0.046908	0.419824
330	0.047012	0.419907
331	0.047094	0.41975
332	0.047289	0.419794
333	0.047355	0.420004
334	0.047448	0.420216
335	0.047592	0.420572
336	0.047774	0.420511
337	0.047863	0.420207
338	0.04799	0.420564
339	0.04821	0.421168
340	0.048301	0.421234
341	0.048532	0.421579
342	0.048592	0.421518
343	0.048651	0.421672
344	0.048849	0.42188
345	0.048948	0.422219
346	0.049038	0.422723
347	0.049216	0.423045
348	0.049492	0.423164
349	0.049493	0.423171
350	0.049646	0.423688
351	0.049863	0.424073
352	0.050027	0.424481
353	0.050058	0.424784
354	0.05005	0.424782
355	0.050257	0.425118
356	0.050489	0.425711
357	0.050692	0.426239
358	0.050715	0.426416
359	0.050753	0.426416
360	0.050873	0.426719
361	0.051085	0.427239
362	0.05131	0.428114
363	0.051541	0.429127
364	0.051588	0.42964
365	0.051697	0.429896
366	0.051873	0.430451
367	0.051959	0.430652
368	0.05203	0.430972
369	0.052198	0.431637
370	0.052323	0.432317
371	0.052465	0.432359
372	0.052576	0.432753
373	0.052489	0.433005
374	0.052503	0.432819
375	0.052726	0.433466
376	0.052827	0.434012
377	0.052885	0.434438
378	0.052936	0.435031
379	0.05301	0.435513
380	0.053154	0.435345
381	0.053223	0.435094
382	0.05324	0.435364
383	0.053239	0.435961
384	0.05334	0.436353
385	0.053286	0.436511
386	0.053373	0.436743
387	0.053535	0.436792
388	0.053471	0.436044
389	0.053361	0.437463
390	0.053606	0.441535
391	0.053966	0.441576
392	0.053857	0.437357
393	0.053682	0.435578
394	0.053643	0.436558
395	0.05372	0.437439
396	0.053548	0.437767
397	0.053553	0.43823
398	0.05373	0.43871
399	0.053959	0.438935
400	0.053929	0.43905
401	0.053799	0.439237
402	0.053861	0.439634
403	0.05388	0.439733
404	0.053853	0.439523
405	0.053763	0.439584
406	0.053786	0.439926
407	0.053877	0.439995
408	0.054075	0.440563
409	0.054072	0.440638
410	0.054044	0.441016
411	0.054001	0.440783
412	0.053947	0.4407
413	0.053961	0.440829
414	0.053957	0.44049
415	0.054023	0.440959
416	0.053934	0.44151
417	0.053938	0.441314
418	0.053927	0.441007
419	0.053878	0.441139
420	0.053975	0.441111
421	0.053799	0.440641
422	0.053728	0.440446
423	0.053954	0.440819
424	0.053988	0.441152
425	0.053977	0.441351
426	0.054029	0.441419
427	0.054102	0.441212
428	0.054098	0.441192
429	0.053939	0.441271
430	0.053909	0.440683
431	0.053912	0.440731
432	0.053942	0.440816
433	0.053911	0.440903
434	0.053945	0.441033
435	0.053938	0.440547
436	0.054005	0.440495
437	0.054237	0.440708
438	0.054171	0.440716
439	0.054084	0.440828
440	0.054169	0.440588
441	0.054254	0.440614
442	0.054173	0.440528
443	0.054219	0.440592
444	0.054377	0.440479
445	0.054276	0.440142
446	0.054338	0.44033
447	0.054393	0.440077
448	0.054584	0.440344
449	0.054728	0.440658
450	0.054621	0.440191
451	0.054646	0.439711
452	0.054846	0.439421
453	0.054887	0.439583
454	0.054871	0.439849
455	0.055032	0.440157
456	0.055102	0.439926
457	0.055152	0.439499
458	0.055387	0.439631
459	0.055448	0.439472
460	0.055663	0.439702
461	0.055714	0.439899
462	0.055748	0.439798
463	0.056016	0.43936
464	0.056064	0.43977
465	0.05622	0.439614
466	0.05639	0.439722
467	0.056384	0.439723
468	0.056559	0.439534
469	0.05672	0.439208
470	0.057015	0.439198
471	0.057204	0.439636
472	0.057434	0.440074
473	0.057609	0.439904
474	0.057736	0.439398
475	0.058104	0.439668
476	0.058186	0.439859
477	0.058259	0.440255
478	0.05855	0.440746
479	0.058814	0.440325
480	0.05902	0.440293
481	0.05924	0.440664
482	0.059391	0.440116
483	0.059548	0.439899
484	0.059765	0.440453
485	0.060209	0.4408
486	0.060428	0.441031
487	0.060691	0.441694
488	0.061044	0.442064
489	0.061278	0.442301
490	0.061435	0.442002
491	0.061635	0.441869
492	0.061802	0.441945
493	0.062149	0.441717
494	0.062388	0.441425
495	0.062878	0.442345
496	0.063332	0.442849
497	0.063542	0.443193
498	0.063845	0.443688
499	0.064334	0.443866
500	0.064614	0.444423
501	0.0649	0.44413
502	0.065106	0.444375
503	0.065565	0.444936
504	0.06588	0.444655
505	0.06617	0.444721
506	0.066617	0.445144
507	0.066925	0.445756
508	0.067362	0.446158
509	0.067522	0.446106
510	0.067791	0.446815
511	0.06822	0.447842
512	0.068799	0.448335
513	0.069199	0.448245
514	0.069348	0.448113
515	0.069844	0.448597
516	0.070407	0.449433
517	0.070545	0.44858
518	0.071233	0.448954
519	0.071687	0.449958
520	0.071867	0.450361
521	0.072285	0.450793
522	0.072927	0.451149
523	0.073547	0.452319
524	0.073824	0.452712
525	0.07419	0.452798
526	0.074726	0.453009
527	0.075158	0.45333
528	0.075611	0.454322
529	0.075922	0.454429
530	0.076474	0.454421
531	0.076939	0.455052
532	0.077397	0.455924
533	0.077848	0.456046
534	0.078431	0.456416
535	0.078835	0.456891
536	0.079416	0.457965
537	0.080147	0.459074
538	0.080503	0.459224
539	0.081002	0.45944
540	0.081587	0.460143
541	0.082158	0.460761
542	0.082558	0.461234
543	0.083037	0.461254
544	0.083417	0.461183
545	0.083957	0.462253
546	0.08457	0.463114
547	0.085088	0.463814
548	0.085779	0.464268
549	0.086116	0.464405
550	0.086845	0.46585
551	0.087261	0.466141
552	0.087729	0.466182
553	0.088504	0.467112
554	0.089141	0.468055
555	0.089713	0.468775
556	0.090143	0.469204
557	0.090654	0.469271
558	0.091263	0.469591
559	0.091954	0.470302
560	0.092505	0.471406
561	0.092987	0.472087
562	0.093518	0.472645
563	0.094097	0.472792
564	0.09488	0.473868
565	0.095726	0.475551
566	0.09633	0.47575
567	0.096708	0.476053
568	0.096941	0.476351
569	0.097783	0.477275
570	0.098644	0.478104
571	0.099202	0.478423
572	0.099783	0.479158
573	0.100326	0.47998
574	0.101034	0.480499
575	0.101742	0.481086
576	0.102652	0.482455
577	0.102834	0.482282
578	0.1033	0.482734
579	0.104281	0.483698
580	0.104994	0.484895
581	0.105541	0.48574
582	0.106175	0.48678
583	0.106773	0.486816
584	0.107362	0.487246
585	0.108353	0.488432
586	0.109279	0.48981
587	0.109589	0.490361
588	0.110108	0.490545
589	0.110866	0.491241
590	0.111804	0.492554
591	0.112742	0.493912
592	0.113009	0.493965
593	0.113705	0.494637
594	0.114251	0.494991
595	0.114851	0.495908
596	0.115696	0.497529
597	0.116748	0.498359
598	0.117121	0.498906
599	0.117623	0.498997
600	0.118742	0.499621
601	0.119423	0.501202
602	0.120135	0.502761
603	0.120961	0.503495
604	0.121588	0.503235
605	0.122307	0.503746
606	0.123013	0.50463
607	0.124048	0.506053
608	0.124665	0.507061
609	0.12538	0.508157
610	0.125986	0.508404
611	0.126537	0.508657
612	0.12739	0.509531
613	0.128341	0.510741
614	0.128899	0.51166
615	0.129728	0.513125
616	0.130561	0.514081
617	0.131122	0.513526
618	0.131634	0.51426
619	0.132179	0.514976
620	0.13319	0.515445
621	0.134042	0.516529
622	0.134469	0.517302
623	0.135691	0.518533
624	0.136683	0.520025
625	0.137438	0.520976
626	0.138135	0.521842
627	0.138768	0.522709
628	0.139377	0.522901
629	0.139969	0.523097
630	0.140426	0.523941
631	0.141437	0.525065
632	0.142282	0.525694
633	0.14306	0.526544
634	0.143659	0.527058
635	0.144573	0.528263
636	0.14541	0.529157
637	0.146371	0.530572
638	0.147143	0.531775
639	0.148009	0.532992
640	0.148711	0.533606
641	0.14942	0.534457
642	0.149863	0.534825
643	0.15066	0.535564
644	0.151885	0.537026
645	0.15271	0.537735
646	0.153354	0.538326
647	0.153687	0.538411
648	0.1547	0.53952
649	0.155369	0.54073
650	0.155987	0.541508
651	0.157051	0.542544
652	0.15769	0.542738
653	0.158349	0.542757
654	0.158988	0.543621
655	0.159384	0.544171
656	0.16054	0.545799
657	0.161697	0.547332
658	0.162185	0.548012
659	0.163006	0.548934
660	0.164074	0.550232
661	0.164528	0.550645
662	0.165101	0.551039
663	0.166283	0.552739
664	0.16724	0.554283
665	0.167853	0.554796
666	0.168361	0.555383
667	0.16882	0.555703
668	0.169789	0.556393
669	0.170379	0.5566
670	0.171172	0.557021
671	0.171871	0.558134
672	0.172616	0.559116
673	0.173448	0.559761
674	0.173901	0.559645
675	0.174383	0.559833
676	0.175056	0.561033
677	0.176292	0.562427
678	0.177246	0.563968
679	0.178131	0.565911
680	0.178634	0.566685
681	0.179647	0.566839
682	0.180285	0.567071
683	0.180545	0.567655
684	0.181505	0.568798
685	0.18233	0.570006
686	0.182878	0.571015
687	0.183881	0.5714
688	0.18463	0.571984
689	0.184852	0.57216
690	0.185474	0.572799
691	0.186289	0.573204
692	0.187049	0.573782
693	0.187949	0.575267
694	0.188823	0.576572
695	0.189181	0.576358
696	0.189951	0.577056
697	0.190629	0.577441
698	0.191046	0.578464
699	0.191778	0.579283
700	0.19303	0.581048
701	0.193883	0.582298
702	0.19463	0.583781
703	0.195366	0.583703
704	0.195656	0.583273
705	0.196504	0.584831
706	0.1973	0.585978
707	0.19787	0.587009
708	0.198761	0.587874
709	0.199696	0.5884
710	0.200509	0.590183
711	0.201157	0.589894
712	0.201409	0.589003
713	0.201643	0.589498
714	0.202562	0.590236
715	0.203224	0.590671
716	0.203784	0.591712
717	0.204766	0.593207
718	0.205626	0.593729
719	0.206219	0.593947
720	0.206642	0.594418
721	0.207221	0.5949
722	0.207876	0.595197
723	0.20845	0.596802
724	0.209654	0.598371
725	0.210318	0.598671
726	0.211295	0.600155
727	0.212246	0.601309
728	0.212757	0.601927
729	0.212946	0.601511
730	0.213076	0.601502
731	0.213901	0.602395
732	0.215142	0.604004
733	0.216153	0.605156
734	0.216543	0.606064
735	0.216828	0.605311
736	0.217716	0.606201
737	0.217881	0.606279
738	0.21815	0.605879
739	0.219058	0.60752
740	0.220211	0.608337
741	0.220733	0.609144
742	0.221317	0.610095
743	0.221559	0.610487
744	0.222676	0.610799
745	0.222992	0.611418
746	0.223439	0.611813
747	0.22416	0.612363
748	0.224911	0.613105
749	0.225732	0.614264
750	0.226406	0.61529
751	0.227714	0.61781
752	0.228025	0.617933
753	0.228011	0.617036
754	0.228607	0.616838
755	0.229979	0.618415
756	0.230124	0.618381
757	0.23045	0.619155
758	0.231638	0.620767
759	0.232847	0.622635
760	0.233212	0.62299
761	0.233035	0.62272
762	0.233681	0.622814
763	0.234891	0.623459
764	0.23473	0.62227
765	0.234586	0.621519
766	0.235199	0.621821
767	0.235759	0.623578
768	0.237068	0.625376
769	0.238315	0.626438
770	0.238529	0.627644
771	0.239128	0.627912
772	0.239698	0.628214
773	0.240267	0.628284
774	0.240665	0.628098
775	0.241331	0.629748
776	0.242445	0.630533
777	0.242294	0.630945
778	0.243494	0.633027
779	0.244741	0.633578
780	0.245302	0.634639
781	0.245653	0.635272
782	0.246213	0.635044
783	0.246001	0.634073
784	0.246747	0.635379
785	0.247281	0.63664
786	0.248218	0.63758
787	0.248834	0.637659
788	0.249084	0.638527
789	0.249495	0.638917
790	0.250128	0.63893
791	0.250102	0.638435
792	0.251356	0.639776
793	0.251529	0.639625
794	0.252483	0.640018
795	0.252808	0.640284
796	0.252959	0.640921
797	0.254063	0.642665
798	0.254443	0.643061
799	0.255243	0.643989
800	0.255792	0.645242
801	0.255907	0.645026
802	0.255993	0.64411
803	0.256491	0.644776
804	0.257642	0.645852
805	0.258435	0.647005
806	0.258593	0.646699
807	0.259448	0.647257
808	0.260523	0.649065
809	0.261035	0.650324
810	0.261323	0.65074
811	0.261511	0.650959
812	0.26201	0.650833
813	0.262567	0.650444
814	0.263116	0.650871
815	0.263565	0.651151
816	0.264279	0.651961
817	0.265253	0.65389
818	0.265911	0.655416
819	0.266856	0.656384
820	0.267122	0.656356
821	0.267646	0.65713
822	0.267176	0.655225
823	0.266251	0.652543
824	0.265544	0.650525
825	0.265547	0.649485
826	0.266491	0.650754
827	0.267884	0.652782
828	0.268061	0.653061
829	0.268287	0.653312
830	0.26964	0.655339
831	0.270826	0.657955
832	0.271996	0.659026
833	0.272714	0.659352
834	0.272176	0.658146
835	0.271811	0.656909
836	0.271855	0.656221
837	0.272537	0.657249
838	0.273445	0.658839
839	0.275117	0.661826
840	0.276174	0.663952
841	0.276058	0.662861
842	0.275744	0.662502
843	0.276733	0.66353
844	0.277422	0.664808
845	0.278118	0.665195
846	0.278082	0.664767
847	0.278253	0.664562
848	0.279159	0.665163
849	0.279879	0.665795
850	0.280352	0.666343
851	0.28072	0.667896
852	0.282168	0.670291
853	0.283141	0.6718
854	0.283858	0.672564
855	0.283855	0.672197
856	0.283637	0.670873
857	0.283019	0.671403
858	0.284238	0.672016
859	0.284127	0.670776
860	0.284057	0.67147
861	0.284341	0.67058
862	0.285847	0.673201
863	0.286478	0.673965
864	0.286573	0.674139
865	0.287338	0.674895
866	0.28829	0.67515
867	0.288411	0.675728
868	0.288384	0.67595
869	0.289064	0.675995
870	0.288751	0.674639
871	0.289128	0.673859
872	0.289738	0.674536
873	0.289851	0.675627
874	0.290521	0.676512
875	0.291356	0.67692
876	0.291663	0.677128
877	0.291978	0.677882
878	0.292876	0.678972
879	0.293265	0.679037
880	0.292227	0.676923
881	0.291427	0.674666
882	0.291542	0.675019
883	0.291585	0.674611
884	0.291608	0.673478
885	0.292003	0.673789
886	0.292795	0.674555
887	0.293867	0.676718
888	0.295245	0.678628
889	0.296026	0.680499
890	0.296718	0.681351
891	0.29752	0.682294
892	0.297893	0.682926
893	0.298501	0.682927
894	0.297707	0.681077
895	0.297174	0.679911
896	0.29692	0.679388
897	0.297127	0.679069
898	0.298256	0.680204
899	0.299049	0.682522
900	0.299629	0.683552
901	0.301196	0.685183
902	0.301729	0.686286
903	0.302367	0.686772
904	0.302285	0.685997
905	0.301291	0.684102
906	0.300933	0.682932
907	0.301214	0.683098
908	0.302008	0.684046
909	0.303243	0.686136
910	0.303491	0.686523
911	0.304039	0.686985
912	0.304849	0.688325
913	0.30475	0.68816
914	0.305157	0.6881
915	0.305211	0.687426
916	0.305095	0.68656
917	0.30485	0.68571
918	0.304569	0.68502
919	0.304743	0.685852
920	0.305247	0.686926
921	0.305821	0.686796
922	0.306248	0.687759
923	0.307084	0.688451
924	0.307048	0.688026
925	0.307303	0.689147
926	0.308272	0.690287
927	0.309629	0.691218
928	0.309955	0.691877
929	0.310703	0.693612
930	0.311844	0.695761
931	0.31129	0.695005
932	0.31132	0.694769
933	0.311627	0.694639
934	0.312377	0.694652
935	0.31336	0.695925
936	0.312126	0.694299
937	0.311891	0.693544
938	0.312668	0.693652
939	0.312634	0.693437
940	0.313046	0.693778
941	0.313799	0.695289
942	0.313487	0.695274
943	0.314206	0.696511
944	0.31504	0.696451
945	0.315701	0.697549
946	0.315785	0.697299
947	0.315213	0.696376
948	0.315754	0.696626
949	0.316077	0.696271
950	0.315791	0.695518
951	0.315274	0.694849
952	0.315473	0.694565
953	0.316222	0.694688
954	0.316258	0.695897
955	0.317009	0.696799
956	0.317773	0.698203
957	0.318136	0.698048
958	0.319436	0.700905
959	0.319897	0.701659
960	0.320089	0.700391
961	0.320161	0.700903
962	0.320025	0.701488
963	0.320326	0.701821
964	0.321017	0.703091
965	0.32146	0.702039
966	0.320668	0.700524
967	0.321608	0.701014
968	0.321519	0.701589
969	0.322161	0.702384
970	0.322235	0.702507
971	0.322883	0.70272
972	0.323316	0.703863
973	0.324102	0.704384
974	0.324461	0.705231
975	0.325639	0.706506
976	0.325575	0.706732
977	0.326122	0.706468
978	0.325532	0.705989
979	0.325274	0.704705
980	0.324836	0.703864
981	0.324673	0.703218
982	0.323913	0.701442
983	0.323619	0.700497
984	0.324728	0.701986
985	0.32551	0.70347
986	0.326711	0.705567
987	0.327351	0.706273
988	0.327802	0.707817
989	0.328684	0.708644
990	0.329375	0.708666
991	0.329283	0.709595
992	0.329684	0.709072
993	0.328944	0.708336
994	0.329205	0.708728
995	0.329348	0.708492
996	0.328688	0.707193
997	0.329493	0.708428
998	0.330127	0.707959
999	0.331046	0.708502
1000	0.330851	0.708753
1006	0.326408	0.6979
1012	0.330404	0.70328
1018	0.333282	0.707708
1024	0.335571	0.710267
1030	0.338294	0.714437
1036	0.340896	0.717819
1042	0.343225	0.720933
1048	0.344832	0.722371
1054	0.345624	0.722241
1060	0.345647	0.720764
1066	0.347021	0.721778
1072	0.349277	0.725328
1078	0.352071	0.731066
1084	0.353593	0.731409
1090	0.35355	0.730618
1096	0.35371	0.72985
1102	0.35446	0.729586
1108	0.355466	0.730126
1114	0.356087	0.7285
1120	0.356608	0.729379
1126	0.357022	0.728217
1132	0.358979	0.730334
1138	0.361201	0.734257
1144	0.364109	0.738364
1150	0.36634	0.740878
1156	0.368875	0.745361
1162	0.369703	0.745123
1168	0.36979	0.74418
1174	0.369408	0.74263
1180	0.368127	0.739278
1186	0.36805	0.737917
1192	0.367129	0.73448
1198	0.368258	0.736685
1204	0.369716	0.738254
1210	0.372453	0.7426
1216	0.373976	0.745022
1222	0.375891	0.7479
1228	0.37695	0.748394
1234	0.378573	0.750885
1240	0.378778	0.749774
1246	0.3796	0.750649
1252	0.380744	0.752439
1258	0.381571	0.752413
1264	0.382344	0.752892
1270	0.381792	0.75078
1276	0.382147	0.751968
1282	0.381356	0.748971
1288	0.382399	0.749964
1294	0.383441	0.751735
1300	0.384682	0.752905
1306	0.386085	0.754689
1312	0.387988	0.757348
1318	0.388817	0.758556
1324	0.389025	0.757296
1330	0.389923	0.759362
1336	0.390139	0.75863
1342	0.391545	0.761004
1348	0.391995	0.76038
1354	0.392459	0.761069
1360	0.394276	0.764217
1366	0.394968	0.764539
1372	0.396289	0.766256
1378	0.396164	0.765767
1384	0.395406	0.763225
1390	0.395936	0.764028
1396	0.396903	0.764733
1402	0.398812	0.768002
1408	0.399226	0.767635
1414	0.399277	0.766859
1420	0.399499	0.766873
1426	0.398889	0.76502
1432	0.399277	0.765733
1438	0.399942	0.767057
1444	0.399182	0.764664
1450	0.400219	0.766283
1456	0.401137	0.767402
1462	0.402427	0.768276
1468	0.404031	0.770716
1474	0.405677	0.774214
1480	0.403978	0.770296
1486	0.40362	0.769314
1492	0.403404	0.768399
1498	0.402958	0.766949
1504	0.403385	0.767256
1510	0.404142	0.768337
1516	0.404997	0.769504
1522	0.406147	0.771028
1528	0.407007	0.771926
1534	0.408049	0.77295
1540	0.408854	0.774431
1546	0.409464	0.775466
1552	0.409146	0.774239
1558	0.408159	0.772516
1564	0.408059	0.771854
1570	0.408053	0.771125
1576	0.408407	0.771442
1582	0.409649	0.773761
1588	0.410676	0.775404
1594	0.411207	0.774954
1600	0.412414	0.776157
1606	0.412808	0.776806
1612	0.413765	0.778258
1618	0.413509	0.777377
1624	0.414493	0.779652
1630	0.41624	0.782722
1636	0.41679	0.7826
1642	0.41717	0.783939
1648	0.416645	0.781086
1654	0.417611	0.783124
1660	0.418187	0.783715
1666	0.417943	0.782537
1672	0.41808	0.782705
1678	0.418258	0.782768
1684	0.417614	0.780894
1690	0.416333	0.778365
1696	0.416176	0.778208
1702	0.417056	0.779519
1708	0.417067	0.778986
1714	0.418297	0.781597
1720	0.4193	0.783259
1726	0.419734	0.783264
1732	0.420031	0.782928
1738	0.420225	0.7826
1744	0.4206	0.783111
1750	0.421342	0.784295
1756	0.423269	0.788279
1762	0.42385	0.788916
1768	0.424882	0.789915
1774	0.426028	0.791904
1780	0.426025	0.792067
1786	0.425272	0.78954
1792	0.426473	0.791581
1798	0.425744	0.790129
1804	0.42671	0.792378
1810	0.426228	0.791072
1816	0.427592	0.792999
1822	0.428202	0.793524
1828	0.426845	0.790397
1834	0.42688	0.790048
1840	0.426394	0.789384
1846	0.425863	0.787811
1852	0.425971	0.787961
1858	0.426424	0.788444
1864	0.427696	0.790627
1870	0.429242	0.793399
1876	0.430052	0.79453
1882	0.429908	0.793691
1888	0.429792	0.793593
1894	0.430853	0.796045
1900	0.430114	0.794121
1906	0.430055	0.794349
1912	0.430778	0.794586
1918	0.432655	0.796912
1924	0.434704	0.800508
1930	0.435623	0.802422
1936	0.436426	0.803893
1942	0.435202	0.801113
1948	0.436209	0.802575
1954	0.434633	0.798718
1960	0.434616	0.799297
1966	0.435083	0.800425
1972	0.434894	0.799768
1978	0.435167	0.799829
1984	0.436565	0.801616
1990	0.435782	0.799537
1996	0.436441	0.80118
2002	0.435571	0.799573
2008	0.434538	0.79705
2014	0.433138	0.794111
2020	0.431664	0.791089
2026	0.430148	0.78831
2032	0.429817	0.787759
2038	0.431017	0.789771
2044	0.430596	0.789719
2050	0.43305	0.793687
2056	0.433842	0.795149
2062	0.435036	0.79664
2068	0.436351	0.798207
2074	0.437192	0.800034
2080	0.437499	0.800719
2086	0.437597	0.799846
2092	0.437231	0.798534
2098	0.436719	0.798572
2104	0.438001	0.800949
2110	0.439136	0.802954
2116	0.43903	0.804627
2122	0.442351	0.808924
2128	0.444802	0.812546
2134	0.444002	0.811143
2140	0.442815	0.808776
2146	0.442231	0.807928
2152	0.442596	0.807976
2158	0.442122	0.806155
2164	0.439862	0.802856
2170	0.439247	0.802437
2176	0.440787	0.803535
2182	0.440304	0.801745
2188	0.442021	0.805694
2194	0.441889	0.806441
2200	0.443095	0.807078
2206	0.443062	0.807368
2212	0.441545	0.805115
2218	0.441108	0.804334
2224	0.441861	0.804813
2230	0.440705	0.801301
2236	0.439257	0.797813
2242	0.438965	0.797888
2248	0.438299	0.797455
2254	0.438095	0.797198
2260	0.439306	0.799672
2266	0.44012	0.800646
2272	0.441521	0.803045
2278	0.442283	0.804407
2284	0.443328	0.804196
2290	0.443779	0.806973
2296	0.446859	0.809859
2302	0.445594	0.806579
2308	0.44233	0.803616
2314	0.44038	0.801027
2320	0.44117	0.801479
2326	0.441754	0.801844
2332	0.443069	0.801604
2338	0.443705	0.80587
2344	0.444554	0.807604
2350	0.448065	0.811194
2356	0.448926	0.814319
2362	0.449443	0.818768
2368	0.451372	0.819875
2374	0.45364	0.81901
2380	0.452581	0.817093
2386	0.451284	0.815555
2392	0.449064	0.812935
2398	0.446824	0.807241
2404	0.444635	0.80517
2410	0.442741	0.802135
2416	0.442733	0.802609
2422	0.444226	0.803835
2428	0.446933	0.808217
2434	0.448653	0.81134
2440	0.447955	0.812261
2446	0.449584	0.811433
2452	0.446085	0.809534
2458	0.451405	0.81131
2464	0.447488	0.806296
2470	0.447545	0.808134
2476	0.445189	0.806764
2482	0.444873	0.804206
2488	0.445145	0.803874
2494	0.441816	0.79869
2500	0.445526	0.804015
