Spectroscopic Data at 13.069 min.	
Wavelength (nm)	Intensity
210	0.299054
211	0.29693
212	0.2958
213	0.294986
214	0.294229
215	0.293744
216	0.291983
217	0.290595
218	0.290256
219	0.288652
220	0.287157
221	0.285974
222	0.285323
223	0.284818
224	0.284484
225	0.283963
226	0.28329
227	0.28293
228	0.282941
229	0.282734
230	0.281893
231	0.281173
232	0.280289
233	0.279004
234	0.278331
235	0.277261
236	0.27605
237	0.274959
238	0.274063
239	0.273027
240	0.272291
241	0.271519
242	0.271178
243	0.27056
244	0.269543
245	0.268938
246	0.268111
247	0.267151
248	0.266569
249	0.265927
250	0.265067
251	0.264122
252	0.26334
253	0.262673
254	0.261852
255	0.261237
256	0.26072
257	0.259943
258	0.259388
259	0.258895
260	0.258229
261	0.257409
262	0.256872
263	0.256339
264	0.256054
265	0.255382
266	0.254608
267	0.254144
268	0.253528
269	0.252922
270	0.25246
271	0.252281
272	0.251708
273	0.250912
274	0.25043
275	0.249978
276	0.249359
277	0.248815
278	0.248212
279	0.247518
280	0.246982
281	0.246493
282	0.246166
283	0.245766
284	0.245254
285	0.244669
286	0.244108
287	0.243687
288	0.243267
289	0.242751
290	0.242229
291	0.241808
292	0.24123
293	0.240696
294	0.240085
295	0.239528
296	0.239196
297	0.238776
298	0.238305
299	0.238017
300	0.237647
301	0.237244
302	0.236814
303	0.236517
304	0.236329
305	0.236158
306	0.235815
307	0.235434
308	0.235135
309	0.234938
310	0.234666
311	0.234403
312	0.234134
313	0.234168
314	0.234072
315	0.233798
316	0.23373
317	0.233745
318	0.233629
319	0.233592
320	0.233544
321	0.233448
322	0.23332
323	0.233203
324	0.233312
325	0.233385
326	0.233183
327	0.233272
328	0.233266
329	0.233366
330	0.233459
331	0.233422
332	0.233541
333	0.23368
334	0.233832
335	0.234082
336	0.234142
337	0.234035
338	0.234277
339	0.234689
340	0.234767
341	0.235056
342	0.235055
343	0.235162
344	0.235364
345	0.235584
346	0.235881
347	0.236131
348	0.236328
349	0.236332
350	0.236667
351	0.236968
352	0.237254
353	0.237421
354	0.237416
355	0.237688
356	0.2381
357	0.238466
358	0.238565
359	0.238584
360	0.238796
361	0.239162
362	0.239712
363	0.240334
364	0.240614
365	0.240797
366	0.241162
367	0.241306
368	0.241501
369	0.241918
370	0.24232
371	0.242412
372	0.242664
373	0.242747
374	0.242661
375	0.243096
376	0.24342
377	0.243662
378	0.243984
379	0.244262
380	0.24425
381	0.244159
382	0.244302
383	0.2446
384	0.244846
385	0.244899
386	0.245058
387	0.245164
388	0.244758
389	0.245412
390	0.247571
391	0.247771
392	0.245607
393	0.24463
394	0.245101
395	0.245579
396	0.245657
397	0.245891
398	0.24622
399	0.246447
400	0.246489
401	0.246518
402	0.246747
403	0.246807
404	0.246688
405	0.246674
406	0.246856
407	0.246936
408	0.247319
409	0.247355
410	0.24753
411	0.247392
412	0.247324
413	0.247395
414	0.247224
415	0.247491
416	0.247722
417	0.247626
418	0.247467
419	0.247509
420	0.247543
421	0.24722
422	0.247087
423	0.247387
424	0.24757
425	0.247664
426	0.247724
427	0.247657
428	0.247645
429	0.247605
430	0.247296
431	0.247321
432	0.247379
433	0.247407
434	0.247489
435	0.247243
436	0.24725
437	0.247472
438	0.247443
439	0.247456
440	0.247379
441	0.247434
442	0.247351
443	0.247406
444	0.247428
445	0.247209
446	0.247334
447	0.247235
448	0.247464
449	0.247693
450	0.247406
451	0.247178
452	0.247133
453	0.247235
454	0.24736
455	0.247595
456	0.247514
457	0.247326
458	0.247509
459	0.24746
460	0.247683
461	0.247806
462	0.247773
463	0.247688
464	0.247917
465	0.247917
466	0.248056
467	0.248053
468	0.248046
469	0.247964
470	0.248106
471	0.24842
472	0.248754
473	0.248757
474	0.248567
475	0.248886
476	0.249022
477	0.249257
478	0.249648
479	0.249569
480	0.249656
481	0.249952
482	0.249754
483	0.249724
484	0.250109
485	0.250505
486	0.250729
487	0.251193
488	0.251554
489	0.251789
490	0.251718
491	0.251752
492	0.251874
493	0.251933
494	0.251907
495	0.252612
496	0.253091
497	0.253367
498	0.253766
499	0.2541
500	0.254518
501	0.254515
502	0.25474
503	0.25525
504	0.255268
505	0.255445
506	0.25588
507	0.256341
508	0.25676
509	0.256814
510	0.257303
511	0.258031
512	0.258567
513	0.258722
514	0.258731
515	0.259221
516	0.25992
517	0.259562
518	0.260093
519	0.260823
520	0.261114
521	0.261539
522	0.262038
523	0.262933
524	0.263268
525	0.263494
526	0.263868
527	0.264244
528	0.264967
529	0.265175
530	0.265447
531	0.265995
532	0.26666
533	0.266947
534	0.267424
535	0.267863
536	0.268691
537	0.269611
538	0.269863
539	0.270221
540	0.270865
541	0.271459
542	0.271896
543	0.272146
544	0.2723
545	0.273105
546	0.273842
547	0.274451
548	0.275023
549	0.27526
550	0.276347
551	0.276701
552	0.276955
553	0.277808
554	0.278598
555	0.279244
556	0.279674
557	0.279962
558	0.280427
559	0.281128
560	0.281956
561	0.282537
562	0.283081
563	0.283444
564	0.284374
565	0.285639
566	0.28604
567	0.28638
568	0.286646
569	0.287529
570	0.288374
571	0.288812
572	0.28947
573	0.290153
574	0.290767
575	0.291414
576	0.292554
577	0.292558
578	0.293017
579	0.29399
580	0.294945
581	0.29564
582	0.296478
583	0.296795
584	0.297304
585	0.298393
586	0.299544
587	0.299975
588	0.300326
589	0.301054
590	0.302179
591	0.303327
592	0.303487
593	0.304171
594	0.304621
595	0.305379
596	0.306612
597	0.307553
598	0.308014
599	0.30831
600	0.309181
601	0.310313
602	0.311448
603	0.312228
604	0.312411
605	0.313026
606	0.313822
607	0.31505
608	0.315863
609	0.316769
610	0.317195
611	0.317597
612	0.318461
613	0.319541
614	0.32028
615	0.321426
616	0.322321
617	0.322324
618	0.322947
619	0.323578
620	0.324318
621	0.325285
622	0.325885
623	0.327112
624	0.328354
625	0.329207
626	0.329989
627	0.330738
628	0.331139
629	0.331533
630	0.332184
631	0.333251
632	0.333988
633	0.334802
634	0.335358
635	0.336418
636	0.337284
637	0.338472
638	0.339459
639	0.340501
640	0.341159
641	0.341938
642	0.342344
643	0.343112
644	0.344456
645	0.345222
646	0.34584
647	0.346049
648	0.34711
649	0.348049
650	0.348748
651	0.349797
652	0.350214
653	0.350553
654	0.351304
655	0.351778
656	0.353169
657	0.354515
658	0.355099
659	0.35597
660	0.357153
661	0.357586
662	0.35807
663	0.359511
664	0.360762
665	0.361325
666	0.361872
667	0.362261
668	0.363091
669	0.363489
670	0.364096
671	0.365002
672	0.365866
673	0.366604
674	0.366773
675	0.367108
676	0.368045
677	0.369359
678	0.370607
679	0.372021
680	0.372659
681	0.373243
682	0.373678
683	0.3741
684	0.375152
685	0.376168
686	0.376947
687	0.37764
688	0.378307
689	0.378506
690	0.379137
691	0.379746
692	0.380415
693	0.381608
694	0.382697
695	0.38277
696	0.383503
697	0.384035
698	0.384755
699	0.385531
700	0.387039
701	0.388091
702	0.389205
703	0.389534
704	0.389464
705	0.390667
706	0.391639
707	0.39244
708	0.393317
709	0.394048
710	0.395346
711	0.395525
712	0.395206
713	0.395571
714	0.396399
715	0.396947
716	0.397748
717	0.398987
718	0.399677
719	0.400083
720	0.40053
721	0.40106
722	0.401537
723	0.402626
724	0.404013
725	0.404494
726	0.405725
727	0.406778
728	0.407342
729	0.407229
730	0.407289
731	0.408148
732	0.409573
733	0.410654
734	0.411304
735	0.411069
736	0.411958
737	0.41208
738	0.412015
739	0.413289
740	0.414274
741	0.414939
742	0.415706
743	0.416023
744	0.416737
745	0.417205
746	0.417626
747	0.418262
748	0.419008
749	0.419998
750	0.420848
751	0.422762
752	0.422979
753	0.422523
754	0.422722
755	0.424197
756	0.424253
757	0.424802
758	0.426202
759	0.427741
760	0.428101
761	0.427878
762	0.428248
763	0.429175
764	0.4285
765	0.428052
766	0.42851
767	0.429669
768	0.431222
769	0.432376
770	0.433087
771	0.43352
772	0.433956
773	0.434275
774	0.434381
775	0.43554
776	0.436489
777	0.436619
778	0.438261
779	0.43916
780	0.439971
781	0.440463
782	0.440629
783	0.440037
784	0.441063
785	0.441961
786	0.442899
787	0.443247
788	0.443805
789	0.444206
790	0.444529
791	0.444268
792	0.445566
793	0.445577
794	0.446251
795	0.446546
796	0.44694
797	0.448364
798	0.448752
799	0.449616
800	0.450517
801	0.450467
802	0.450051
803	0.450634
804	0.451747
805	0.45272
806	0.452646
807	0.453353
808	0.454794
809	0.45568
810	0.456032
811	0.456235
812	0.456421
813	0.456505
814	0.456994
815	0.457358
816	0.45812
817	0.459571
818	0.460663
819	0.46162
820	0.461739
821	0.462388
822	0.4612
823	0.459397
824	0.458034
825	0.457516
826	0.458622
827	0.460333
828	0.460561
829	0.4608
830	0.46249
831	0.46439
832	0.465511
833	0.466033
834	0.465161
835	0.46436
836	0.464038
837	0.464893
838	0.466142
839	0.468471
840	0.470063
841	0.46946
842	0.469123
843	0.470131
844	0.471115
845	0.471657
846	0.471425
847	0.471408
848	0.472161
849	0.472837
850	0.473348
851	0.474308
852	0.47623
853	0.47747
854	0.478211
855	0.478026
856	0.477255
857	0.477211
858	0.478127
859	0.477451
860	0.477764
861	0.47746
862	0.479524
863	0.480221
864	0.480356
865	0.481117
866	0.48172
867	0.48207
868	0.482167
869	0.48253
870	0.481695
871	0.481494
872	0.482137
873	0.482739
874	0.483516
875	0.484138
876	0.484395
877	0.48493
878	0.485924
879	0.486151
880	0.484575
881	0.483047
882	0.48328
883	0.483098
884	0.482543
885	0.482896
886	0.483675
887	0.485293
888	0.486937
889	0.488262
890	0.489034
891	0.489907
892	0.490409
893	0.490714
894	0.489392
895	0.488543
896	0.488154
897	0.488098
898	0.48923
899	0.490786
900	0.49159
901	0.493189
902	0.494008
903	0.494569
904	0.494141
905	0.492696
906	0.491932
907	0.492156
908	0.493027
909	0.49469
910	0.495007
911	0.495512
912	0.496587
913	0.496455
914	0.496628
915	0.496319
916	0.495827
917	0.49528
918	0.494794
919	0.495298
920	0.496087
921	0.496309
922	0.497003
923	0.497768
924	0.497537
925	0.498225
926	0.499279
927	0.500424
928	0.500916
929	0.502158
930	0.503803
931	0.503147
932	0.503044
933	0.503133
934	0.503515
935	0.504642
936	0.503213
937	0.502717
938	0.50316
939	0.503036
940	0.503412
941	0.504544
942	0.50438
943	0.505358
944	0.505746
945	0.506625
946	0.506542
947	0.505794
948	0.50619
949	0.506174
950	0.505655
951	0.505061
952	0.505019
953	0.505455
954	0.506077
955	0.506904
956	0.507988
957	0.508092
958	0.51017
959	0.510778
960	0.51024
961	0.510532
962	0.510757
963	0.511074
964	0.512054
965	0.511749
966	0.510596
967	0.511311
968	0.511554
969	0.512272
970	0.512371
971	0.512801
972	0.513589
973	0.514243
974	0.514846
975	0.516073
976	0.516153
977	0.516295
978	0.51576
979	0.51499
980	0.51435
981	0.513945
982	0.512677
983	0.512058
984	0.513357
985	0.51449
986	0.516139
987	0.516812
988	0.517809
989	0.518664
990	0.51902
991	0.519439
992	0.519378
993	0.51864
994	0.518967
995	0.51892
996	0.51794
997	0.51896
998	0.519043
999	0.519774
1000	0.519802
1006	0.512154
1012	0.516842
1018	0.520495
1024	0.522919
1030	0.526365
1036	0.529357
1042	0.532079
1048	0.533601
1054	0.533933
1060	0.533206
1066	0.534399
1072	0.537302
1078	0.541569
1084	0.542501
1090	0.542084
1096	0.54178
1102	0.542023
1108	0.542796
1114	0.542294
1120	0.542994
1126	0.54262
1132	0.544656
1138	0.547729
1144	0.551236
1150	0.553609
1156	0.557118
1162	0.557413
1168	0.556985
1174	0.556019
1180	0.553703
1186	0.552984
1192	0.550804
1198	0.552471
1204	0.553985
1210	0.557526
1216	0.559499
1222	0.561896
1228	0.562672
1234	0.564729
1240	0.564276
1246	0.565125
1252	0.566592
1258	0.566992
1264	0.567618
1270	0.566286
1276	0.567057
1282	0.565164
1288	0.566182
1294	0.567588
1300	0.568794
1306	0.570387
1312	0.572668
1318	0.573686
1324	0.57316
1330	0.574642
1336	0.574384
1342	0.576274
1348	0.576188
1354	0.576764
1360	0.579247
1366	0.579753
1372	0.581273
1378	0.580966
1384	0.579316
1390	0.579982
1396	0.580818
1402	0.583407
1408	0.58343
1414	0.583068
1420	0.583186
1426	0.581954
1432	0.582505
1438	0.5835
1444	0.581923
1450	0.583251
1456	0.58427
1462	0.585352
1468	0.587373
1474	0.589945
1480	0.587137
1486	0.586467
1492	0.585902
1498	0.584953
1504	0.585321
1510	0.58624
1516	0.587251
1522	0.588588
1528	0.589467
1534	0.590499
1540	0.591642
1546	0.592465
1552	0.591692
1558	0.590337
1564	0.589957
1570	0.589589
1576	0.589924
1582	0.591705
1588	0.59304
1594	0.593081
1600	0.594286
1606	0.594807
1612	0.596012
1618	0.595443
1624	0.597073
1630	0.599481
1636	0.599695
1642	0.600555
1648	0.598866
1654	0.600368
1660	0.600951
1666	0.60024
1672	0.600393
1678	0.600513
1684	0.599254
1690	0.597349
1696	0.597192
1702	0.598288
1708	0.598026
1714	0.599947
1720	0.60128
1726	0.601499
1732	0.601479
1738	0.601413
1744	0.601855
1750	0.602818
1756	0.605774
1762	0.606383
1768	0.607398
1774	0.608966
1780	0.609046
1786	0.607406
1792	0.609027
1798	0.607937
1804	0.609544
1810	0.60865
1816	0.610295
1822	0.610863
1828	0.608621
1834	0.608464
1840	0.607889
1846	0.606837
1852	0.606966
1858	0.607434
1864	0.609161
1870	0.61132
1876	0.612291
1882	0.611799
1888	0.611693
1894	0.613449
1900	0.612117
1906	0.612202
1912	0.612682
1918	0.614784
1924	0.617606
1930	0.619023
1936	0.62016
1942	0.618158
1948	0.619392
1954	0.616675
1960	0.616956
1966	0.617754
1972	0.617331
1978	0.617498
1984	0.619091
1990	0.617659
1996	0.61881
2002	0.617572
2008	0.615794
2014	0.613625
2020	0.611377
2026	0.609229
2032	0.608788
2038	0.610394
2044	0.610157
2050	0.613368
2056	0.614496
2062	0.615838
2068	0.617279
2074	0.618613
2080	0.619109
2086	0.618721
2092	0.617883
2098	0.617646
2104	0.619475
2110	0.621045
2116	0.621828
2122	0.625638
2128	0.628674
2134	0.627572
2140	0.625795
2146	0.625079
2152	0.625286
2158	0.624138
2164	0.621359
2170	0.620842
2176	0.622161
2182	0.621024
2188	0.623857
2194	0.624165
2200	0.625087
2206	0.625215
2212	0.62333
2218	0.622721
2224	0.623337
2230	0.621003
2236	0.618535
2242	0.618426
2248	0.617877
2254	0.617647
2260	0.619489
2266	0.620383
2272	0.622283
2278	0.623345
2284	0.623762
2290	0.625376
2296	0.628359
2302	0.626087
2308	0.622973
2314	0.620703
2320	0.621324
2326	0.621799
2332	0.622336
2338	0.624787
2344	0.626079
2350	0.62963
2356	0.631622
2362	0.634105
2368	0.635624
2374	0.636325
2380	0.634837
2386	0.633419
2392	0.631
2398	0.627033
2404	0.624903
2410	0.622438
2416	0.622671
2422	0.624031
2428	0.627575
2434	0.629996
2440	0.630108
2446	0.630508
2452	0.62781
2458	0.631357
2464	0.626892
2470	0.62784
2476	0.625976
2482	0.62454
2488	0.62451
2494	0.620253
2500	0.62477
