Opt. Const. of SiO2 (Sellmeier) vs. nm		
Wavelength (nm)	e1	e2
371.340149	2.171769	0
372.927826	2.171126	0
374.515564	2.170491	0
376.103363	2.169865	0
377.691223	2.169248	0
379.279175	2.168639	0
380.867188	2.168039	0
382.455261	2.167446	0
384.043365	2.166862	0
385.631561	2.166285	0
387.219788	2.165716	0
388.808105	2.165154	0
390.396484	2.1646	0
391.984924	2.164053	0
393.573425	2.163513	0
395.161926	2.16298	0
396.750549	2.162453	0
398.339203	2.161934	0
399.927917	2.161421	0
401.516693	2.160914	0
403.10553	2.160414	0
404.694397	2.15992	0
406.283356	2.159433	0
407.872345	2.158951	0
409.461365	2.158475	0
411.050476	2.158005	0
412.639587	2.157541	0
414.228821	2.157082	0
415.818054	2.156629	0
417.407318	2.156181	0
418.996674	2.155739	0
420.58609	2.155302	0
422.175537	2.15487	0
423.764984	2.154443	0
425.354553	2.154021	0
426.944153	2.153604	0
428.533752	2.153192	0
430.123444	2.152784	0
431.713135	2.152381	0
433.302887	2.151983	0
434.89267	2.151589	0
436.482513	2.1512	0
438.072418	2.150815	0
439.662354	2.150435	0
441.252289	2.150058	0
442.842285	2.149686	0
444.432312	2.149318	0
446.0224	2.148954	0
447.612549	2.148594	0
449.202698	2.148238	0
450.792908	2.147885	0
452.383118	2.147537	0
453.973389	2.147192	0
455.56366	2.146851	0
457.154053	2.146513	0
458.744385	2.146179	0
460.334808	2.145849	0
461.925232	2.145522	0
463.515686	2.145198	0
465.106201	2.144878	0
466.696716	2.144561	0
468.287262	2.144247	0
469.877869	2.143936	0
471.468445	2.143629	0
473.059143	2.143325	0
474.649811	2.143023	0
476.240479	2.142725	0
477.831207	2.14243	0
479.421967	2.142138	0
481.012756	2.141848	0
482.603516	2.141562	0
484.194336	2.141278	0
485.785217	2.140997	0
487.376068	2.140718	0
488.966949	2.140443	0
490.557861	2.14017	0
492.148773	2.139899	0
493.739746	2.139632	0
495.330719	2.139366	0
496.921722	2.139104	0
498.512756	2.138844	0
500.10376	2.138586	0
501.694763	2.13833	0
503.285828	2.138077	0
504.876892	2.137826	0
506.468018	2.137578	0
508.059143	2.137331	0
509.650238	2.137088	0
511.241364	2.136846	0
512.83252	2.136606	0
514.423706	2.136369	0
516.014832	2.136133	0
517.606018	2.1359	0
519.197205	2.135669	0
520.788452	2.13544	0
522.379639	2.135213	0
523.970825	2.134988	0
525.562073	2.134764	0
527.153259	2.134543	0
528.744507	2.134324	0
530.335815	2.134106	0
531.927063	2.13389	0
533.51825	2.133677	0
535.109497	2.133465	0
536.700806	2.133254	0
538.292114	2.133046	0
539.883362	2.132839	0
541.474609	2.132634	0
543.065857	2.132431	0
544.657104	2.132229	0
546.248413	2.132029	0
547.839722	2.131831	0
549.430969	2.131634	0
551.022217	2.131439	0
552.613464	2.131245	0
554.204712	2.131053	0
555.796021	2.130862	0
557.387268	2.130673	0
558.978516	2.130486	0
560.569763	2.1303	0
562.161011	2.130115	0
563.752197	2.129932	0
565.343445	2.12975	0
566.934692	2.12957	0
568.525879	2.129391	0
570.117065	2.129213	0
571.708252	2.129037	0
573.299438	2.128862	0
574.890564	2.128688	0
576.48175	2.128516	0
578.072876	2.128345	0
579.664001	2.128175	0
581.255127	2.128007	0
582.846191	2.12784	0
584.437317	2.127673	0
586.028381	2.127509	0
587.619385	2.127345	0
589.210449	2.127182	0
590.801453	2.127021	0
592.392456	2.126861	0
593.983459	2.126702	0
595.574402	2.126544	0
597.165344	2.126388	0
598.756226	2.126232	0
600.347168	2.126077	0
601.938049	2.125924	0
603.528931	2.125772	0
605.119751	2.12562	0
606.710571	2.12547	0
608.301331	2.12532	0
609.89209	2.125172	0
611.482788	2.125025	0
613.073547	2.124879	0
614.664185	2.124733	0
616.254883	2.124589	0
617.84552	2.124446	0
619.436157	2.124303	0
621.026733	2.124162	0
622.617249	2.124021	0
624.207764	2.123881	0
625.798218	2.123743	0
627.388672	2.123605	0
628.979126	2.123468	0
630.569458	2.123332	0
632.15979	2.123197	0
633.750122	2.123062	0
635.340454	2.122929	0
636.930664	2.122796	0
638.520874	2.122664	0
640.111084	2.122533	0
641.701233	2.122403	0
643.291321	2.122273	0
644.881348	2.122145	0
646.471375	2.122017	0
648.061401	2.12189	0
649.651306	2.121764	0
651.241211	2.121638	0
652.831116	2.121513	0
654.420898	2.121389	0
656.010681	2.121266	0
657.600464	2.121144	0
659.190125	2.121022	0
660.779785	2.1209	0
662.369385	2.12078	0
663.958923	2.12066	0
665.548462	2.120541	0
667.137878	2.120423	0
668.727356	2.120305	0
670.316711	2.120188	0
671.906006	2.120072	0
673.495239	2.119956	0
675.084534	2.119841	0
676.673706	2.119727	0
678.262817	2.119613	0
679.851868	2.1195	0
681.440857	2.119387	0
683.029846	2.119275	0
684.618774	2.119164	0
686.207642	2.119053	0
687.796387	2.118943	0
689.385132	2.118833	0
690.973816	2.118724	0
692.562439	2.118616	0
694.151001	2.118508	0
695.739563	2.118401	0
697.328003	2.118294	0
698.916382	2.118188	0
700.504761	2.118083	0
702.093079	2.117977	0
703.681274	2.117873	0
705.269409	2.117769	0
706.857544	2.117666	0
708.445557	2.117563	0
710.033569	2.11746	0
711.62146	2.117358	0
713.20929	2.117257	0
714.796997	2.117156	0
716.384766	2.117055	0
717.972412	2.116956	0
719.559937	2.116856	0
721.147461	2.116757	0
722.734924	2.116659	0
724.322327	2.11656	0
725.909607	2.116463	0
727.496826	2.116366	0
729.083984	2.116269	0
730.671082	2.116173	0
732.258118	2.116077	0
733.845093	2.115982	0
735.431946	2.115887	0
737.018677	2.115793	0
738.605408	2.115699	0
740.192078	2.115605	0
741.778687	2.115512	0
743.365173	2.115419	0
744.951538	2.115327	0
746.537964	2.115235	0
748.124146	2.115144	0
749.710388	2.115052	0
751.296509	2.114962	0
752.882507	2.114872	0
754.468445	2.114782	0
756.054321	2.114692	0
757.640076	2.114603	0
759.22583	2.114514	0
760.811401	2.114426	0
762.396973	2.114338	0
763.982422	2.11425	0
765.567749	2.114163	0
767.153076	2.114076	0
768.73822	2.113989	0
770.323364	2.113903	0
771.908386	2.113817	0
773.493286	2.113731	0
775.078186	2.113646	0
776.662903	2.113561	0
778.247559	2.113477	0
779.832153	2.113393	0
781.416626	2.113309	0
783.001038	2.113225	0
784.585327	2.113142	0
786.169556	2.113059	0
787.753662	2.112977	0
789.337708	2.112895	0
790.92157	2.112813	0
792.505432	2.112731	0
794.089172	2.11265	0
795.672791	2.112569	0
797.256348	2.112488	0
798.839783	2.112407	0
800.423157	2.112327	0
802.006409	2.112247	0
803.589478	2.112168	0
805.172546	2.112089	0
806.755493	2.11201	0
808.338318	2.111931	0
809.921082	2.111853	0
811.503723	2.111774	0
813.086304	2.111697	0
814.668701	2.111619	0
816.251038	2.111542	0
817.833252	2.111465	0
819.415344	2.111388	0
820.997375	2.111311	0
822.579285	2.111235	0
824.161011	2.111159	0
825.742798	2.111083	0
827.324341	2.111008	0
828.905884	2.110933	0
830.487183	2.110857	0
832.068481	2.110783	0
833.649597	2.110708	0
835.230591	2.110634	0
836.811523	2.11056	0
838.392273	2.110486	0
839.972961	2.110413	0
841.553589	2.110339	0
843.133972	2.110266	0
844.714355	2.110193	0
846.294617	2.110121	0
847.874695	2.110048	0
849.454712	2.109976	0
851.034546	2.109904	0
852.61438	2.109832	0
854.19397	2.109761	0
855.773438	2.109689	0
857.352844	2.109618	0
858.932129	2.109547	0
860.511353	2.109476	0
862.090332	2.109406	0
863.66925	2.109335	0
865.248047	2.109265	0
866.82666	2.109195	0
868.405273	2.109126	0
869.983704	2.109056	0
871.56189	2.108987	0
873.140015	2.108917	0
874.71814	2.108849	0
876.296021	2.10878	0
877.87384	2.108711	0
879.451477	2.108643	0
881.028992	2.108575	0
882.606323	2.108506	0
884.183594	2.108439	0
885.760742	2.108371	0
887.337708	2.108304	0
888.914551	2.108236	0
890.491333	2.108169	0
892.067871	2.108102	0
893.644348	2.108035	0
895.220703	2.107969	0
896.796875	2.107902	0
898.372925	2.107836	0
899.948853	2.10777	0
901.524597	2.107704	0
903.10022	2.107638	0
904.675781	2.107572	0
906.251099	2.107507	0
907.826355	2.107441	0
909.401367	2.107376	0
910.976379	2.107311	0
912.551147	2.107246	0
914.125793	2.107182	0
915.700317	2.107117	0
917.274719	2.107053	0
918.848938	2.106988	0
920.422974	2.106924	0
921.996887	2.10686	0
923.570679	2.106796	0
925.144348	2.106733	0
926.717773	2.106669	0
928.291138	2.106606	0
929.86438	2.106542	0
931.437378	2.106479	0
933.010254	2.106416	0
934.583008	2.106353	0
936.15564	2.106291	0
937.728027	2.106228	0
939.300415	2.106165	0
940.872437	2.106103	0
942.444458	2.106041	0
944.016296	2.105979	0
945.588013	2.105917	0
947.159485	2.105855	0
948.730835	2.105793	0
950.302063	2.105732	0
951.873169	2.10567	0
953.444031	2.105609	0
955.014771	2.105548	0
956.585327	2.105486	0
958.155762	2.105425	0
959.725952	2.105365	0
961.296082	2.105304	0
962.866028	2.105243	0
964.43573	2.105183	0
966.005371	2.105122	0
967.574829	2.105062	0
969.144165	2.105002	0
970.713196	2.104942	0
972.282227	2.104882	0
973.850952	2.104822	0
975.419617	2.104762	0
976.987976	2.104702	0
978.556335	2.104643	0
980.12439	2.104583	0
981.692383	2.104524	0
983.260132	2.104465	0
984.827759	2.104405	0
986.395203	2.104346	0
987.962524	2.104287	0
989.529602	2.104228	0
991.096497	2.10417	0
992.663208	2.104111	0
994.229797	2.104052	0
995.796204	2.103994	0
997.362427	2.103935	0
998.928406	2.103877	0
1010.953003	2.103432	0
1014.365234	2.103307	0
1017.777344	2.103182	0
1021.18927	2.103057	0
1024.600952	2.102933	0
1028.012573	2.102809	0
1031.424072	2.102685	0
1034.835449	2.102562	0
1038.246582	2.102439	0
1041.657715	2.102316	0
1045.068604	2.102194	0
1048.47937	2.102072	0
1051.890137	2.10195	0
1055.300659	2.101829	0
1058.711182	2.101707	0
1062.12146	2.101587	0
1065.531616	2.101466	0
1068.941772	2.101346	0
1072.351807	2.101225	0
1075.761841	2.101105	0
1079.171631	2.100986	0
1082.581421	2.100867	0
1085.991089	2.100747	0
1089.400635	2.100628	0
1092.810303	2.10051	0
1096.219727	2.100391	0
1099.62915	2.100273	0
1103.03833	2.100155	0
1106.447632	2.100037	0
1109.856934	2.099919	0
1113.266113	2.099801	0
1116.675171	2.099684	0
1120.084229	2.099567	0
1123.493408	2.09945	0
1126.902344	2.099333	0
1130.311279	2.099216	0
1133.720337	2.0991	0
1137.129272	2.098983	0
1140.538208	2.098867	0
1143.947144	2.098751	0
1147.356079	2.098635	0
1150.764893	2.098519	0
1154.173828	2.098403	0
1157.582764	2.098288	0
1160.991577	2.098172	0
1164.400635	2.098057	0
1167.809448	2.097942	0
1171.218506	2.097826	0
1174.627441	2.097711	0
1178.036377	2.097596	0
1181.445435	2.097481	0
1184.854492	2.097367	0
1188.26355	2.097252	0
1191.672729	2.097137	0
1195.081909	2.097023	0
1198.491211	2.096908	0
1201.900513	2.096794	0
1205.309814	2.09668	0
1208.71936	2.096565	0
1212.128784	2.096451	0
1215.53833	2.096337	0
1218.947998	2.096223	0
1222.357666	2.096109	0
1225.767578	2.095995	0
1229.17749	2.095881	0
1232.587402	2.095767	0
1235.997559	2.095653	0
1239.407715	2.09554	0
1242.817993	2.095426	0
1246.228394	2.095312	0
1249.638916	2.095198	0
1253.049561	2.095084	0
1256.460205	2.094971	0
1259.871094	2.094857	0
1263.282104	2.094743	0
1266.693115	2.09463	0
1270.104492	2.094516	0
1273.515869	2.094403	0
1276.92749	2.094289	0
1280.339111	2.094175	0
1283.750977	2.094062	0
1287.162964	2.093948	0
1290.575073	2.093834	0
1293.987427	2.093721	0
1297.399902	2.093607	0
1300.812622	2.093493	0
1304.225342	2.093379	0
1307.638428	2.093266	0
1311.051636	2.093152	0
1314.465088	2.093038	0
1317.878662	2.092925	0
1321.292358	2.092811	0
1324.706299	2.092697	0
1328.120605	2.092583	0
1331.534912	2.092469	0
1334.949585	2.092355	0
1338.36438	2.092241	0
1341.779419	2.092127	0
1345.194702	2.092013	0
1348.610229	2.091899	0
1352.026001	2.091784	0
1355.441895	2.09167	0
1358.858154	2.091556	0
1362.274658	2.091442	0
1365.691284	2.091327	0
1369.108154	2.091213	0
1372.525391	2.091098	0
1375.942871	2.090984	0
1379.360596	2.090869	0
1382.778564	2.090754	0
1386.196899	2.09064	0
1389.615479	2.090525	0
1393.034302	2.09041	0
1396.453369	2.090295	0
1399.872803	2.09018	0
1403.292603	2.090065	0
1406.712524	2.089949	0
1410.132813	2.089834	0
1413.553467	2.089719	0
1416.974365	2.089603	0
1420.39563	2.089488	0
1423.817139	2.089372	0
1427.239014	2.089256	0
1430.661255	2.08914	0
1434.08374	2.089024	0
1437.506592	2.088908	0
1440.92981	2.088792	0
1444.353271	2.088676	0
1447.7771	2.08856	0
1451.201416	2.088443	0
1454.625977	2.088327	0
1458.050903	2.08821	0
1461.476318	2.088094	0
1464.901855	2.087977	0
1468.327881	2.08786	0
1471.754272	2.087743	0
1475.181152	2.087626	0
1478.608276	2.087508	0
1482.035889	2.087391	0
1485.463745	2.087273	0
1488.89209	2.087156	0
1492.320923	2.087038	0
1495.75	2.08692	0
1499.179565	2.086802	0
1502.609497	2.086684	0
1506.039795	2.086566	0
1509.470581	2.086448	0
1512.901855	2.086329	0
1516.333496	2.086211	0
1519.765503	2.086092	0
1523.197998	2.085973	0
1526.630981	2.085854	0
1530.064331	2.085735	0
1533.498169	2.085616	0
1536.932373	2.085497	0
1540.367188	2.085377	0
1543.802368	2.085258	0
1547.238037	2.085138	0
1550.674072	2.085018	0
1554.110718	2.084898	0
1557.547729	2.084778	0
1560.985352	2.084657	0
1564.42334	2.084537	0
1567.861816	2.084416	0
1571.300903	2.084296	0
1574.740356	2.084175	0
1578.18042	2.084054	0
1581.62085	2.083932	0
1585.061768	2.083811	0
1588.503296	2.083689	0
1591.945313	2.083568	0
1595.387939	2.083446	0
1598.830933	2.083324	0
1602.274536	2.083202	0
1605.718628	2.08308	0
1609.16333	2.082957	0
1612.608521	2.082835	0
1616.054321	2.082712	0
1619.50061	2.082589	0
1622.947388	2.082466	0
1626.394775	2.082343	0
1629.842773	2.08222	0
1633.29126	2.082096	0
1636.740356	2.081972	0
1640.190063	2.081848	0
1643.640259	2.081724	0
1647.091064	2.0816	0
1650.542358	2.081476	0
1653.994385	2.081351	0
1657.446899	2.081227	0
1660.900146	2.081102	0
1664.353882	2.080976	0
1667.808228	2.080851	0
1671.263306	2.080726	0
1674.71875	2.080601	0
1678.175049	2.080475	0
