Opt. Const. of TiN (Lorentz) vs. nm
Wavelength (nm)	e1	e2
210.000000	0.663331	7.288589	
211.000000	0.751155	7.319958	
212.000000	0.838395	7.347938	
213.000000	0.924877	7.372618	
214.000000	1.010437	7.394095	
215.000000	1.094920	7.412480	
216.000000	1.178182	7.427889	
217.000000	1.260091	7.440446	
218.000000	1.340525	7.450281	
219.000000	1.419374	7.457530	
220.000000	1.496540	7.462332	
221.000000	1.571935	7.464830	
222.000000	1.645485	7.465170	
223.000000	1.717125	7.463497	
224.000000	1.786802	7.459957	
225.000000	1.854473	7.454697	
226.000000	1.920107	7.447860	
227.000000	1.983680	7.439590	
228.000000	2.045180	7.430027	
229.000000	2.104602	7.419309	
230.000000	2.161951	7.407567	
231.000000	2.217238	7.394933	
232.000000	2.270483	7.381530	
233.000000	2.321712	7.367479	
234.000000	2.370957	7.352896	
235.000000	2.418257	7.337891	
236.000000	2.463654	7.322567	
237.000000	2.507197	7.307026	
238.000000	2.548937	7.291360	
239.000000	2.588931	7.275657	
240.000000	2.627237	7.260000	
241.000000	2.663917	7.244465	
242.000000	2.699036	7.229125	
243.000000	2.732660	7.214043	
244.000000	2.764858	7.199282	
245.000000	2.795698	7.184894	
246.000000	2.825252	7.170930	
247.000000	2.853590	7.157434	
248.000000	2.880785	7.144446	
249.000000	2.906908	7.131999	
250.000000	2.932030	7.120123	
251.000000	2.956224	7.108843	
252.000000	2.979561	7.098179	
253.000000	3.002110	7.088147	
254.000000	3.023940	7.078760	
255.000000	3.045121	7.070024	
256.000000	3.065719	7.061943	
257.000000	3.085800	7.054517	
258.000000	3.105427	7.047742	
259.000000	3.124663	7.041613	
260.000000	3.143569	7.036117	
261.000000	3.162201	7.031241	
262.000000	3.180618	7.026969	
263.000000	3.198873	7.023282	
264.000000	3.217019	7.020156	
265.000000	3.235104	7.017568	
266.000000	3.253175	7.015490	
267.000000	3.271278	7.013892	
268.000000	3.289454	7.012743	
269.000000	3.307742	7.012012	
270.000000	3.326179	7.011660	
271.000000	3.344798	7.011653	
272.000000	3.363630	7.011952	
273.000000	3.382702	7.012519	
274.000000	3.402041	7.013312	
275.000000	3.421668	7.014291	
276.000000	3.441601	7.015414	
277.000000	3.461857	7.016638	
278.000000	3.482449	7.017921	
279.000000	3.503386	7.019220	
280.000000	3.524677	7.020491	
281.000000	3.546326	7.021693	
282.000000	3.568333	7.022782	
283.000000	3.590698	7.023717	
284.000000	3.613416	7.024457	
285.000000	3.636481	7.024960	
286.000000	3.659883	7.025188	
287.000000	3.683610	7.025103	
288.000000	3.707649	7.024667	
289.000000	3.731983	7.023845	
290.000000	3.756593	7.022603	
291.000000	3.781458	7.020908	
292.000000	3.806556	7.018730	
293.000000	3.831863	7.016039	
294.000000	3.857352	7.012809	
295.000000	3.882997	7.009016	
296.000000	3.908768	7.004635	
297.000000	3.934636	6.999647	
298.000000	3.960570	6.994034	
299.000000	3.986538	6.987778	
300.000000	4.012507	6.980865	
301.000000	4.038446	6.973285	
302.000000	4.064320	6.965027	
303.000000	4.090096	6.956084	
304.000000	4.115740	6.946451	
305.000000	4.141219	6.936124	
306.000000	4.166500	6.925103	
307.000000	4.191549	6.913388	
308.000000	4.216334	6.900983	
309.000000	4.240824	6.887893	
310.000000	4.264986	6.874125	
311.000000	4.288790	6.859686	
312.000000	4.312208	6.844588	
313.000000	4.335209	6.828842	
314.000000	4.357767	6.812461	
315.000000	4.379855	6.795460	
316.000000	4.401448	6.777855	
317.000000	4.422522	6.759664	
318.000000	4.443054	6.740904	
319.000000	4.463023	6.721594	
320.000000	4.482409	6.701755	
321.000000	4.501192	6.681407	
322.000000	4.519356	6.660572	
323.000000	4.536884	6.639272	
324.000000	4.553762	6.617528	
325.000000	4.569977	6.595366	
326.000000	4.585516	6.572806	
327.000000	4.600369	6.549874	
328.000000	4.614527	6.526592	
329.000000	4.627982	6.502984	
330.000000	4.640727	6.479073	
331.000000	4.652755	6.454883	
332.000000	4.664064	6.430437	
333.000000	4.674650	6.405758	
334.000000	4.684511	6.380870	
335.000000	4.693645	6.355794	
336.000000	4.702053	6.330553	
337.000000	4.709734	6.305168	
338.000000	4.716692	6.279661	
339.000000	4.722928	6.254053	
340.000000	4.728446	6.228364	
341.000000	4.733251	6.202613	
342.000000	4.737347	6.176820	
343.000000	4.740739	6.151004	
344.000000	4.743433	6.125183	
345.000000	4.745438	6.099374	
346.000000	4.746759	6.073594	
347.000000	4.747405	6.047859	
348.000000	4.747383	6.022185	
349.000000	4.746702	5.996587	
350.000000	4.745372	5.971080	
351.000000	4.743401	5.945677	
352.000000	4.740799	5.920392	
353.000000	4.737576	5.895236	
354.000000	4.733741	5.870223	
355.000000	4.729305	5.845364	
356.000000	4.724279	5.820669	
357.000000	4.718673	5.796148	
358.000000	4.712497	5.771812	
359.000000	4.705761	5.747670	
360.000000	4.698478	5.723730	
361.000000	4.690658	5.700000	
362.000000	4.682311	5.676489	
363.000000	4.673447	5.653203	
364.000000	4.664079	5.630149	
365.000000	4.654216	5.607333	
366.000000	4.643869	5.584761	
367.000000	4.633049	5.562439	
368.000000	4.621767	5.540372	
369.000000	4.610031	5.518563	
370.000000	4.597854	5.497018	
371.000000	4.585245	5.475740	
372.000000	4.572213	5.454733	
373.000000	4.558770	5.434000	
374.000000	4.544925	5.413543	
375.000000	4.530687	5.393366	
376.000000	4.516066	5.373470	
377.000000	4.501071	5.353858	
378.000000	4.485712	5.334531	
379.000000	4.469996	5.315491	
380.000000	4.453935	5.296739	
381.000000	4.437535	5.278276	
382.000000	4.420806	5.260103	
383.000000	4.403756	5.242220	
384.000000	4.386393	5.224628	
385.000000	4.368724	5.207327	
386.000000	4.350759	5.190317	
387.000000	4.332504	5.173597	
388.000000	4.313967	5.157169	
389.000000	4.295156	5.141030	
390.000000	4.276077	5.125182	
391.000000	4.256738	5.109622	
392.000000	4.237144	5.094350	
393.000000	4.217305	5.079366	
394.000000	4.197224	5.064667	
395.000000	4.176909	5.050254	
396.000000	4.156367	5.036125	
397.000000	4.135602	5.022277	
398.000000	4.114622	5.008712	
399.000000	4.093431	4.995426	
400.000000	4.072036	4.982418	
401.000000	4.050442	4.969686	
402.000000	4.028653	4.957230	
403.000000	4.006676	4.945046	
404.000000	3.984515	4.933134	
405.000000	3.962175	4.921492	
406.000000	3.939662	4.910118	
407.000000	3.916978	4.899009	
408.000000	3.894130	4.888165	
409.000000	3.871121	4.877583	
410.000000	3.847956	4.867261	
411.000000	3.824639	4.857198	
412.000000	3.801173	4.847390	
413.000000	3.777564	4.837837	
414.000000	3.753814	4.828536	
415.000000	3.729927	4.819485	
416.000000	3.705908	4.810682	
417.000000	3.681759	4.802126	
418.000000	3.657483	4.793813	
419.000000	3.633085	4.785742	
420.000000	3.608567	4.777912	
421.000000	3.583933	4.770319	
422.000000	3.559186	4.762961	
423.000000	3.534327	4.755837	
424.000000	3.509361	4.748945	
425.000000	3.484290	4.742283	
426.000000	3.459117	4.735848	
427.000000	3.433845	4.729639	
428.000000	3.408475	4.723652	
429.000000	3.383011	4.717888	
430.000000	3.357455	4.712343	
431.000000	3.331809	4.707016	
432.000000	3.306076	4.701903	
433.000000	3.280257	4.697005	
434.000000	3.254355	4.692317	
435.000000	3.228372	4.687840	
436.000000	3.202310	4.683570	
437.000000	3.176171	4.679507	
438.000000	3.149956	4.675647	
439.000000	3.123668	4.671988	
440.000000	3.097309	4.668531	
441.000000	3.070879	4.665272	
442.000000	3.044382	4.662209	
443.000000	3.017818	4.659341	
444.000000	2.991189	4.656666	
445.000000	2.964497	4.654182	
446.000000	2.937743	4.651887	
447.000000	2.910929	4.649781	
448.000000	2.884055	4.647860	
449.000000	2.857124	4.646123	
450.000000	2.830137	4.644570	
451.000000	2.803095	4.643197	
452.000000	2.775999	4.642004	
453.000000	2.748850	4.640988	
454.000000	2.721651	4.640149	
455.000000	2.694401	4.639483	
456.000000	2.667102	4.638992	
457.000000	2.639755	4.638671	
458.000000	2.612361	4.638521	
459.000000	2.584922	4.638539	
460.000000	2.557438	4.638724	
461.000000	2.529910	4.639075	
462.000000	2.502338	4.639590	
463.000000	2.474725	4.640267	
464.000000	2.447071	4.641106	
465.000000	2.419377	4.642104	
466.000000	2.391643	4.643261	
467.000000	2.363870	4.644576	
468.000000	2.336060	4.646046	
469.000000	2.308213	4.647670	
470.000000	2.280329	4.649448	
471.000000	2.252410	4.651378	
472.000000	2.224456	4.653458	
473.000000	2.196468	4.655687	
474.000000	2.168446	4.658065	
475.000000	2.140392	4.660590	
476.000000	2.112305	4.663261	
477.000000	2.084187	4.666076	
478.000000	2.056038	4.669035	
479.000000	2.027858	4.672136	
480.000000	1.999649	4.675378	
481.000000	1.971410	4.678760	
482.000000	1.943142	4.682281	
483.000000	1.914847	4.685940	
484.000000	1.886523	4.689735	
485.000000	1.858172	4.693666	
486.000000	1.829795	4.697732	
487.000000	1.801391	4.701932	
488.000000	1.772961	4.706264	
489.000000	1.744506	4.710728	
490.000000	1.716026	4.715322	
491.000000	1.687522	4.720047	
492.000000	1.658993	4.724899	
493.000000	1.630440	4.729880	
494.000000	1.601865	4.734987	
495.000000	1.573266	4.740220	
496.000000	1.544644	4.745578	
497.000000	1.516001	4.751060	
498.000000	1.487335	4.756666	
499.000000	1.458648	4.762393	
500.000000	1.429939	4.768243	
501.000000	1.401210	4.774213	
502.000000	1.372459	4.780303	
503.000000	1.343689	4.786511	
504.000000	1.314899	4.792838	
505.000000	1.286088	4.799282	
506.000000	1.257259	4.805843	
507.000000	1.228410	4.812519	
508.000000	1.199542	4.819311	
509.000000	1.170656	4.826217	
510.000000	1.141751	4.833236	
511.000000	1.112828	4.840368	
512.000000	1.083887	4.847612	
513.000000	1.054929	4.854968	
514.000000	1.025953	4.862433	
515.000000	0.996960	4.870009	
516.000000	0.967950	4.877695	
517.000000	0.938923	4.885489	
518.000000	0.909880	4.893390	
519.000000	0.880820	4.901399	
520.000000	0.851744	4.909514	
521.000000	0.822652	4.917736	
522.000000	0.793545	4.926063	
523.000000	0.764422	4.934494	
524.000000	0.735283	4.943029	
525.000000	0.706129	4.951668	
526.000000	0.676960	4.960410	
527.000000	0.647777	4.969254	
528.000000	0.618578	4.978199	
529.000000	0.589366	4.987247	
530.000000	0.560138	4.996394	
531.000000	0.530897	5.005641	
532.000000	0.501641	5.014987	
533.000000	0.472372	5.024433	
534.000000	0.443089	5.033977	
535.000000	0.413792	5.043618	
536.000000	0.384482	5.053357	
537.000000	0.355158	5.063193	
538.000000	0.325821	5.073124	
539.000000	0.296472	5.083152	
540.000000	0.267109	5.093275	
541.000000	0.237733	5.103492	
542.000000	0.208345	5.113804	
543.000000	0.178945	5.124209	
544.000000	0.149531	5.134708	
545.000000	0.120106	5.145300	
546.000000	0.090668	5.155983	
547.000000	0.061219	5.166759	
548.000000	0.031757	5.177627	
549.000000	0.002284	5.188585	
550.000000	-0.027202	5.199634	
551.000000	-0.056698	5.210773	
552.000000	-0.086207	5.222002	
553.000000	-0.115726	5.233319	
554.000000	-0.145257	5.244726	
555.000000	-0.174800	5.256221	
556.000000	-0.204353	5.267805	
557.000000	-0.233917	5.279476	
558.000000	-0.263492	5.291234	
559.000000	-0.293078	5.303079	
560.000000	-0.322675	5.315010	
561.000000	-0.352282	5.327027	
562.000000	-0.381900	5.339131	
563.000000	-0.411529	5.351319	
564.000000	-0.441167	5.363593	
565.000000	-0.470816	5.375951	
566.000000	-0.500475	5.388393	
567.000000	-0.530144	5.400919	
568.000000	-0.559823	5.413529	
569.000000	-0.589512	5.426221	
570.000000	-0.619211	5.438997	
571.000000	-0.648920	5.451855	
572.000000	-0.678638	5.464796	
573.000000	-0.708366	5.477818	
574.000000	-0.738103	5.490921	
575.000000	-0.767850	5.504106	
576.000000	-0.797606	5.517372	
577.000000	-0.827372	5.530717	
578.000000	-0.857146	5.544144	
579.000000	-0.886930	5.557650	
580.000000	-0.916723	5.571236	
581.000000	-0.946524	5.584901	
582.000000	-0.976335	5.598645	
583.000000	-1.006154	5.612467	
584.000000	-1.035982	5.626369	
585.000000	-1.065819	5.640348	
586.000000	-1.095664	5.654405	
587.000000	-1.125518	5.668540	
588.000000	-1.155380	5.682751	
589.000000	-1.185251	5.697040	
590.000000	-1.215130	5.711406	
591.000000	-1.245018	5.725848	
592.000000	-1.274913	5.740366	
593.000000	-1.304817	5.754960	
594.000000	-1.334728	5.769629	
595.000000	-1.364648	5.784374	
596.000000	-1.394575	5.799194	
597.000000	-1.424511	5.814089	
598.000000	-1.454454	5.829059	
599.000000	-1.484404	5.844103	
600.000000	-1.514363	5.859221	
601.000000	-1.544329	5.874413	
602.000000	-1.574302	5.889679	
603.000000	-1.604283	5.905018	
604.000000	-1.634272	5.920430	
605.000000	-1.664268	5.935915	
606.000000	-1.694270	5.951473	
607.000000	-1.724280	5.967103	
608.000000	-1.754298	5.982805	
609.000000	-1.784322	5.998580	
610.000000	-1.814353	6.014426	
611.000000	-1.844392	6.030344	
612.000000	-1.874437	6.046333	
613.000000	-1.904489	6.062393	
614.000000	-1.934547	6.078525	
615.000000	-1.964613	6.094727	
616.000000	-1.994685	6.110999	
617.000000	-2.024763	6.127342	
618.000000	-2.054848	6.143754	
619.000000	-2.084940	6.160237	
620.000000	-2.115038	6.176789	
621.000000	-2.145142	6.193411	
622.000000	-2.175252	6.210102	
623.000000	-2.205369	6.226862	
624.000000	-2.235492	6.243691	
625.000000	-2.265621	6.260589	
626.000000	-2.295756	6.277555	
627.000000	-2.325897	6.294590	
628.000000	-2.356044	6.311692	
629.000000	-2.386196	6.328863	
630.000000	-2.416355	6.346101	
631.000000	-2.446519	6.363407	
632.000000	-2.476689	6.380780	
633.000000	-2.506864	6.398221	
634.000000	-2.537045	6.415728	
635.000000	-2.567231	6.433302	
636.000000	-2.597423	6.450943	
637.000000	-2.627620	6.468651	
638.000000	-2.657823	6.486424	
639.000000	-2.688031	6.504264	
640.000000	-2.718244	6.522171	
641.000000	-2.748462	6.540142	
642.000000	-2.778685	6.558180	
643.000000	-2.808913	6.576283	
644.000000	-2.839147	6.594451	
645.000000	-2.869385	6.612684	
646.000000	-2.899627	6.630983	
647.000000	-2.929875	6.649346	
648.000000	-2.960128	6.667774	
649.000000	-2.990385	6.686266	
650.000000	-3.020646	6.704823	
651.000000	-3.050913	6.723444	
652.000000	-3.081183	6.742129	
653.000000	-3.111459	6.760879	
654.000000	-3.141738	6.779691	
655.000000	-3.172022	6.798568	
656.000000	-3.202310	6.817508	
657.000000	-3.232602	6.836511	
658.000000	-3.262899	6.855577	
659.000000	-3.293199	6.874707	
660.000000	-3.323504	6.893899	
661.000000	-3.353812	6.913154	
662.000000	-3.384125	6.932471	
663.000000	-3.414441	6.951851	
664.000000	-3.444761	6.971294	
665.000000	-3.475085	6.990798	
666.000000	-3.505412	7.010365	
667.000000	-3.535743	7.029994	
668.000000	-3.566078	7.049684	
669.000000	-3.596416	7.069435	
670.000000	-3.626758	7.089249	
671.000000	-3.657103	7.109123	
672.000000	-3.687451	7.129059	
673.000000	-3.717803	7.149056	
674.000000	-3.748158	7.169114	
675.000000	-3.778516	7.189233	
676.000000	-3.808877	7.209413	
677.000000	-3.839241	7.229652	
678.000000	-3.869608	7.249953	
679.000000	-3.899978	7.270314	
680.000000	-3.930351	7.290735	
681.000000	-3.960726	7.311216	
682.000000	-3.991105	7.331757	
683.000000	-4.021486	7.352358	
684.000000	-4.051870	7.373018	
685.000000	-4.082256	7.393739	
686.000000	-4.112645	7.414518	
687.000000	-4.143037	7.435357	
688.000000	-4.173430	7.456255	
689.000000	-4.203826	7.477212	
690.000000	-4.234225	7.498229	
691.000000	-4.264626	7.519304	
692.000000	-4.295029	7.540438	
693.000000	-4.325434	7.561630	
694.000000	-4.355841	7.582881	
695.000000	-4.386250	7.604190	
696.000000	-4.416661	7.625558	
697.000000	-4.447074	7.646984	
698.000000	-4.477489	7.668468	
699.000000	-4.507905	7.690010	
700.000000	-4.538323	7.711609	
701.000000	-4.568743	7.733267	
702.000000	-4.599164	7.754982	
703.000000	-4.629588	7.776754	
704.000000	-4.660012	7.798584	
705.000000	-4.690438	7.820472	
706.000000	-4.720866	7.842416	
707.000000	-4.751295	7.864418	
708.000000	-4.781724	7.886476	
709.000000	-4.812156	7.908591	
710.000000	-4.842588	7.930763	
711.000000	-4.873021	7.952992	
712.000000	-4.903456	7.975277	
713.000000	-4.933891	7.997619	
714.000000	-4.964328	8.020017	
715.000000	-4.994765	8.042471	
716.000000	-5.025203	8.064981	
717.000000	-5.055642	8.087548	
718.000000	-5.086081	8.110170	
719.000000	-5.116521	8.132849	
720.000000	-5.146962	8.155582	
721.000000	-5.177403	8.178372	
722.000000	-5.207845	8.201217	
723.000000	-5.238287	8.224117	
724.000000	-5.268729	8.247073	
725.000000	-5.299172	8.270084	
726.000000	-5.329615	8.293151	
727.000000	-5.360058	8.316272	
728.000000	-5.390501	8.339448	
729.000000	-5.420945	8.362679	
730.000000	-5.451388	8.385964	
731.000000	-5.481832	8.409305	
732.000000	-5.512275	8.432700	
733.000000	-5.542718	8.456149	
734.000000	-5.573161	8.479653	
735.000000	-5.603603	8.503211	
736.000000	-5.634046	8.526823	
737.000000	-5.664488	8.550489	
738.000000	-5.694929	8.574210	
739.000000	-5.725370	8.597984	
740.000000	-5.755811	8.621812	
741.000000	-5.786251	8.645694	
742.000000	-5.816689	8.669629	
743.000000	-5.847128	8.693618	
744.000000	-5.877565	8.717660	
745.000000	-5.908002	8.741755	
746.000000	-5.938438	8.765904	
747.000000	-5.968874	8.790107	
748.000000	-5.999308	8.814362	
749.000000	-6.029740	8.838670	
750.000000	-6.060172	8.863030	
751.000000	-6.090603	8.887444	
752.000000	-6.121032	8.911911	
753.000000	-6.151461	8.936431	
754.000000	-6.181888	8.961002	
755.000000	-6.212313	8.985626	
756.000000	-6.242737	9.010303	
757.000000	-6.273160	9.035032	
758.000000	-6.303580	9.059813	
759.000000	-6.334000	9.084646	
760.000000	-6.364418	9.109531	
761.000000	-6.394834	9.134468	
762.000000	-6.425248	9.159457	
763.000000	-6.455660	9.184498	
764.000000	-6.486071	9.209591	
765.000000	-6.516479	9.234735	
766.000000	-6.546886	9.259931	
767.000000	-6.577291	9.285177	
768.000000	-6.607693	9.310475	
769.000000	-6.638093	9.335826	
770.000000	-6.668491	9.361226	
771.000000	-6.698887	9.386679	
772.000000	-6.729280	9.412181	
773.000000	-6.759672	9.437736	
774.000000	-6.790061	9.463340	
775.000000	-6.820446	9.488996	
776.000000	-6.850830	9.514702	
777.000000	-6.881211	9.540459	
778.000000	-6.911590	9.566266	
779.000000	-6.941966	9.592124	
780.000000	-6.972339	9.618032	
781.000000	-7.002708	9.643991	
782.000000	-7.033076	9.669999	
783.000000	-7.063440	9.696057	
784.000000	-7.093802	9.722167	
785.000000	-7.124160	9.748325	
786.000000	-7.154516	9.774534	
787.000000	-7.184868	9.800793	
788.000000	-7.215217	9.827101	
789.000000	-7.245563	9.853458	
790.000000	-7.275905	9.879867	
791.000000	-7.306244	9.906323	
792.000000	-7.336580	9.932830	
793.000000	-7.366912	9.959385	
794.000000	-7.397241	9.985991	
795.000000	-7.427567	10.012645	
796.000000	-7.457888	10.039348	
797.000000	-7.488206	10.066100	
798.000000	-7.518520	10.092901	
799.000000	-7.548831	10.119751	
800.000000	-7.579137	10.146650	
801.000000	-7.609440	10.173597	
802.000000	-7.639739	10.200594	
803.000000	-7.670034	10.227639	
804.000000	-7.700325	10.254732	
805.000000	-7.730612	10.281874	
806.000000	-7.760895	10.309064	
807.000000	-7.791173	10.336302	
808.000000	-7.821447	10.363588	
809.000000	-7.851717	10.390924	
810.000000	-7.881983	10.418306	
811.000000	-7.912244	10.445737	
812.000000	-7.942501	10.473215	
813.000000	-7.972754	10.500741	
814.000000	-8.003001	10.528316	
815.000000	-8.033245	10.555937	
816.000000	-8.063483	10.583607	
817.000000	-8.093717	10.611323	
818.000000	-8.123946	10.639088	
819.000000	-8.154171	10.666899	
820.000000	-8.184390	10.694758	
821.000000	-8.214604	10.722664	
822.000000	-8.244814	10.750617	
823.000000	-8.275019	10.778618	
824.000000	-8.305219	10.806665	
825.000000	-8.335413	10.834760	
826.000000	-8.365602	10.862901	
827.000000	-8.395786	10.891088	
828.000000	-8.425965	10.919323	
829.000000	-8.456139	10.947604	
830.000000	-8.486307	10.975932	
831.000000	-8.516470	11.004307	
832.000000	-8.546628	11.032727	
833.000000	-8.576779	11.061194	
834.000000	-8.606926	11.089707	
835.000000	-8.637067	11.118267	
836.000000	-8.667202	11.146873	
837.000000	-8.697331	11.175525	
838.000000	-8.727455	11.204223	
839.000000	-8.757573	11.232966	
840.000000	-8.787684	11.261756	
841.000000	-8.817791	11.290591	
842.000000	-8.847891	11.319472	
843.000000	-8.877985	11.348398	
844.000000	-8.908073	11.377371	
845.000000	-8.938155	11.406388	
846.000000	-8.968231	11.435452	
847.000000	-8.998302	11.464560	
848.000000	-9.028365	11.493713	
849.000000	-9.058422	11.522913	
850.000000	-9.088473	11.552156	
851.000000	-9.118518	11.581446	
852.000000	-9.148556	11.610780	
853.000000	-9.178588	11.640160	
854.000000	-9.208612	11.669583	
855.000000	-9.238631	11.699052	
856.000000	-9.268643	11.728565	
857.000000	-9.298649	11.758123	
858.000000	-9.328648	11.787726	
859.000000	-9.358640	11.817374	
860.000000	-9.388624	11.847066	
861.000000	-9.418603	11.876801	
862.000000	-9.448574	11.906582	
863.000000	-9.478539	11.936407	
864.000000	-9.508496	11.966275	
865.000000	-9.538446	11.996188	
866.000000	-9.568390	12.026145	
867.000000	-9.598327	12.056147	
868.000000	-9.628255	12.086191	
869.000000	-9.658177	12.116280	
870.000000	-9.688091	12.146412	
871.000000	-9.717999	12.176588	
872.000000	-9.747899	12.206808	
873.000000	-9.777792	12.237071	
874.000000	-9.807676	12.267378	
875.000000	-9.837554	12.297729	
876.000000	-9.867424	12.328122	
877.000000	-9.897287	12.358559	
878.000000	-9.927142	12.389039	
879.000000	-9.956989	12.419562	
880.000000	-9.986829	12.450129	
881.000000	-10.016661	12.480739	
882.000000	-10.046484	12.511391	
883.000000	-10.076301	12.542086	
884.000000	-10.106109	12.572824	
885.000000	-10.135909	12.603604	
886.000000	-10.165702	12.634428	
887.000000	-10.195486	12.665295	
888.000000	-10.225262	12.696203	
889.000000	-10.255031	12.727154	
890.000000	-10.284790	12.758147	
891.000000	-10.314542	12.789184	
892.000000	-10.344286	12.820262	
893.000000	-10.374022	12.851382	
894.000000	-10.403749	12.882545	
895.000000	-10.433467	12.913750	
896.000000	-10.463177	12.944996	
897.000000	-10.492879	12.976285	
898.000000	-10.522573	13.007615	
899.000000	-10.552257	13.038988	
900.000000	-10.581933	13.070402	
901.000000	-10.611601	13.101858	
902.000000	-10.641259	13.133355	
903.000000	-10.670910	13.164894	
904.000000	-10.700551	13.196475	
905.000000	-10.730184	13.228097	
906.000000	-10.759808	13.259761	
907.000000	-10.789423	13.291465	
908.000000	-10.819029	13.323211	
909.000000	-10.848626	13.354998	
910.000000	-10.878214	13.386827	
911.000000	-10.907793	13.418695	
912.000000	-10.937363	13.450605	
913.000000	-10.966924	13.482557	
914.000000	-10.996475	13.514549	
915.000000	-11.026018	13.546581	
916.000000	-11.055552	13.578655	
917.000000	-11.085075	13.610769	
918.000000	-11.114591	13.642924	
919.000000	-11.144095	13.675119	
920.000000	-11.173592	13.707355	
921.000000	-11.203078	13.739632	
922.000000	-11.232555	13.771948	
923.000000	-11.262023	13.804304	
924.000000	-11.291481	13.836701	
925.000000	-11.320929	13.869139	
926.000000	-11.350368	13.901616	
927.000000	-11.379797	13.934133	
928.000000	-11.409216	13.966690	
929.000000	-11.438625	13.999288	
930.000000	-11.468025	14.031924	
931.000000	-11.497416	14.064601	
932.000000	-11.526795	14.097317	
933.000000	-11.556166	14.130073	
934.000000	-11.585526	14.162868	
935.000000	-11.614876	14.195704	
936.000000	-11.644217	14.228578	
937.000000	-11.673547	14.261492	
938.000000	-11.702867	14.294445	
939.000000	-11.732177	14.327437	
940.000000	-11.761477	14.360469	
941.000000	-11.790766	14.393540	
942.000000	-11.820045	14.426650	
943.000000	-11.849315	14.459799	
944.000000	-11.878573	14.492987	
945.000000	-11.907822	14.526213	
946.000000	-11.937059	14.559479	
947.000000	-11.966287	14.592783	
948.000000	-11.995504	14.626125	
949.000000	-12.024711	14.659508	
950.000000	-12.053906	14.692927	
951.000000	-12.083092	14.726386	
952.000000	-12.112267	14.759883	
953.000000	-12.141431	14.793419	
954.000000	-12.170585	14.826992	
955.000000	-12.199727	14.860604	
956.000000	-12.228859	14.894255	
957.000000	-12.257980	14.927943	
958.000000	-12.287090	14.961669	
959.000000	-12.316190	14.995434	
960.000000	-12.345279	15.029236	
961.000000	-12.374356	15.063076	
962.000000	-12.403423	15.096954	
963.000000	-12.432479	15.130870	
964.000000	-12.461523	15.164824	
965.000000	-12.490557	15.198815	
966.000000	-12.519580	15.232843	
967.000000	-12.548591	15.266910	
968.000000	-12.577591	15.301014	
969.000000	-12.606580	15.335155	
970.000000	-12.635557	15.369333	
971.000000	-12.664524	15.403549	
972.000000	-12.693480	15.437802	
973.000000	-12.722423	15.472092	
974.000000	-12.751355	15.506419	
975.000000	-12.780276	15.540783	
976.000000	-12.809186	15.575185	
977.000000	-12.838083	15.609622	
978.000000	-12.866970	15.644097	
979.000000	-12.895845	15.678609	
980.000000	-12.924708	15.713158	
981.000000	-12.953560	15.747743	
982.000000	-12.982400	15.782364	
983.000000	-13.011229	15.817022	
984.000000	-13.040046	15.851717	
985.000000	-13.068851	15.886448	
986.000000	-13.097644	15.921215	
987.000000	-13.126425	15.956019	
988.000000	-13.155194	15.990859	
989.000000	-13.183952	16.025736	
990.000000	-13.212698	16.060648	
991.000000	-13.241432	16.095596	
992.000000	-13.270154	16.130581	
993.000000	-13.298863	16.165600	
994.000000	-13.327561	16.200657	
995.000000	-13.356248	16.235748	
996.000000	-13.384921	16.270876	
997.000000	-13.413583	16.306040	
998.000000	-13.442232	16.341238	
999.000000	-13.470870	16.376472	
1000.000000	-13.499495	16.411743	
1006.000000	-13.670987	16.624107	
1012.000000	-13.842031	16.837734	
1018.000000	-14.012623	17.052612	
1024.000000	-14.182755	17.268728	
1030.000000	-14.352421	17.486071	
1036.000000	-14.521614	17.704626	
1042.000000	-14.690331	17.924381	
1048.000000	-14.858565	18.145325	
1054.000000	-15.026311	18.367445	
1060.000000	-15.193563	18.590729	
1066.000000	-15.360315	18.815163	
1072.000000	-15.526564	19.040737	
1078.000000	-15.692304	19.267439	
1084.000000	-15.857531	19.495256	
1090.000000	-16.022240	19.724176	
1096.000000	-16.186424	19.954187	
1102.000000	-16.350084	20.185278	
1108.000000	-16.513212	20.417439	
1114.000000	-16.675804	20.650654	
1120.000000	-16.837858	20.884914	
1126.000000	-16.999369	21.120209	
1132.000000	-17.160332	21.356525	
1138.000000	-17.320747	21.593853	
1144.000000	-17.480606	21.832180	
1150.000000	-17.639910	22.071495	
1156.000000	-17.798655	22.311787	
1162.000000	-17.956835	22.553043	
1168.000000	-18.114449	22.795258	
1174.000000	-18.271494	23.038416	
1180.000000	-18.427967	23.282507	
1186.000000	-18.583866	23.527521	
1192.000000	-18.739189	23.773447	
1198.000000	-18.893934	24.020275	
1204.000000	-19.048096	24.267994	
1210.000000	-19.201675	24.516592	
1216.000000	-19.354668	24.766062	
1222.000000	-19.507074	25.016392	
1228.000000	-19.658890	25.267572	
1234.000000	-19.810116	25.519592	
1240.000000	-19.960749	25.772442	
1246.000000	-20.110786	26.026110	
1252.000000	-20.260229	26.280590	
1258.000000	-20.409075	26.535870	
1264.000000	-20.557322	26.791939	
1270.000000	-20.704967	27.048790	
1276.000000	-20.852015	27.306412	
1282.000000	-20.998459	27.564795	
1288.000000	-21.144302	27.823931	
1294.000000	-21.289541	28.083811	
1300.000000	-21.434175	28.344423	
1306.000000	-21.578205	28.605761	
1312.000000	-21.721628	28.867813	
1318.000000	-21.864447	29.130573	
1324.000000	-22.006659	29.394032	
1330.000000	-22.148264	29.658176	
1336.000000	-22.289261	29.923002	
1342.000000	-22.429651	30.188501	
1348.000000	-22.569435	30.454660	
1354.000000	-22.708611	30.721476	
1360.000000	-22.847179	30.988935	
1366.000000	-22.985140	31.257032	
1372.000000	-23.122494	31.525759	
1378.000000	-23.259239	31.795105	
1384.000000	-23.395378	32.065067	
1390.000000	-23.530912	32.335629	
1396.000000	-23.665838	32.606792	
1402.000000	-23.800159	32.878540	
1408.000000	-23.933876	33.150871	
1414.000000	-24.066986	33.423775	
1420.000000	-24.199493	33.697243	
1426.000000	-24.331398	33.971268	
1432.000000	-24.462698	34.245846	
1438.000000	-24.593397	34.520962	
1444.000000	-24.723495	34.796616	
1450.000000	-24.852993	35.072800	
1456.000000	-24.981892	35.349503	
1462.000000	-25.110191	35.626717	
1468.000000	-25.237894	35.904438	
1474.000000	-25.365000	36.182663	
1480.000000	-25.491512	36.461376	
1486.000000	-25.617428	36.740574	
1492.000000	-25.742752	37.020252	
1498.000000	-25.867485	37.300404	
1504.000000	-25.991627	37.581017	
1510.000000	-26.115179	37.862091	
1516.000000	-26.238144	38.143616	
1522.000000	-26.360523	38.425587	
1528.000000	-26.482317	38.707996	
1534.000000	-26.603525	38.990841	
1540.000000	-26.724154	39.274109	
1546.000000	-26.844200	39.557800	
1552.000000	-26.963669	39.841904	
1558.000000	-27.082558	40.126415	
1564.000000	-27.200872	40.411327	
1570.000000	-27.318613	40.696636	
1576.000000	-27.435780	40.982338	
1582.000000	-27.552376	41.268421	
1588.000000	-27.668402	41.554886	
1594.000000	-27.783861	41.841721	
1600.000000	-27.898756	42.128925	
1606.000000	-28.013084	42.416489	
1612.000000	-28.126852	42.704411	
1618.000000	-28.240059	42.992683	
1624.000000	-28.352707	43.281300	
1630.000000	-28.464798	43.570259	
1636.000000	-28.576334	43.859550	
1642.000000	-28.687317	44.149174	
1648.000000	-28.797750	44.439121	
1654.000000	-28.907633	44.729385	
1660.000000	-29.016970	45.019966	
1666.000000	-29.125759	45.310856	
1672.000000	-29.234007	45.602051	
1678.000000	-29.341715	45.893547	
1684.000000	-29.448881	46.185333	
1690.000000	-29.555511	46.477413	
1696.000000	-29.661608	46.769779	
1702.000000	-29.767170	47.062424	
1708.000000	-29.872202	47.355347	
1714.000000	-29.976704	47.648537	
1720.000000	-30.080679	47.941998	
1726.000000	-30.184130	48.235722	
1732.000000	-30.287060	48.529705	
1738.000000	-30.389467	48.823940	
1744.000000	-30.491356	49.118427	
1750.000000	-30.592730	49.413158	
1756.000000	-30.693590	49.708130	
1762.000000	-30.793938	50.003342	
1768.000000	-30.893776	50.298786	
1774.000000	-30.993107	50.594460	
1780.000000	-31.091932	50.890358	
1786.000000	-31.190254	51.186478	
1792.000000	-31.288076	51.482815	
1798.000000	-31.385399	51.779366	
1804.000000	-31.482225	52.076126	
1810.000000	-31.578558	52.373096	
1816.000000	-31.674397	52.670265	
1822.000000	-31.769747	52.967636	
1828.000000	-31.864609	53.265198	
1834.000000	-31.958986	53.562954	
1840.000000	-32.052879	53.860901	
1846.000000	-32.146294	54.159027	
1852.000000	-32.239227	54.457340	
1858.000000	-32.331684	54.755829	
1864.000000	-32.423668	55.054493	
1870.000000	-32.515179	55.353329	
1876.000000	-32.606220	55.652328	
1882.000000	-32.696793	55.951496	
1888.000000	-32.786900	56.250828	
1894.000000	-32.876545	56.550316	
1900.000000	-32.965729	56.849960	
1906.000000	-33.054455	57.149757	
1912.000000	-33.142723	57.449703	
1918.000000	-33.230537	57.749794	
1924.000000	-33.317902	58.050030	
1930.000000	-33.404816	58.350407	
1936.000000	-33.491280	58.650925	
1942.000000	-33.577301	58.951572	
1948.000000	-33.662876	59.252354	
1954.000000	-33.748013	59.553265	
1960.000000	-33.832710	59.854305	
1966.000000	-33.916969	60.155468	
1972.000000	-34.000797	60.456749	
1978.000000	-34.084190	60.758152	
1984.000000	-34.167156	61.059673	
1990.000000	-34.249691	61.361305	
1996.000000	-34.331802	61.663048	
2002.000000	-34.413490	61.964901	
2008.000000	-34.494755	62.266857	
2014.000000	-34.575603	62.568920	
2020.000000	-34.656036	62.871086	
2026.000000	-34.736050	63.173347	
2032.000000	-34.815655	63.475708	
2038.000000	-34.894848	63.778160	
2044.000000	-34.973633	64.080711	
2050.000000	-35.052010	64.383347	
2056.000000	-35.129986	64.686066	
2062.000000	-35.207558	64.988876	
2068.000000	-35.284733	65.291771	
2074.000000	-35.361507	65.594749	
2080.000000	-35.437889	65.897804	
2086.000000	-35.513874	66.200935	
2092.000000	-35.589470	66.504143	
2098.000000	-35.664677	66.807419	
2104.000000	-35.739498	67.110771	
2110.000000	-35.813931	67.414192	
2116.000000	-35.887985	67.717682	
2122.000000	-35.961655	68.021233	
2128.000000	-36.034946	68.324852	
2134.000000	-36.107861	68.628532	
2140.000000	-36.180401	68.932266	
2146.000000	-36.252571	69.236069	
2152.000000	-36.324368	69.539917	
2158.000000	-36.395794	69.843826	
2164.000000	-36.466858	70.147789	
2170.000000	-36.537556	70.451797	
2176.000000	-36.607887	70.755859	
2182.000000	-36.677864	71.059975	
2188.000000	-36.747478	71.364128	
2194.000000	-36.816738	71.668327	
2200.000000	-36.885639	71.972572	
2206.000000	-36.954193	72.276855	
2212.000000	-37.022392	72.581184	
2218.000000	-37.090244	72.885544	
2224.000000	-37.157749	73.189949	
2230.000000	-37.224907	73.494385	
2236.000000	-37.291725	73.798851	
2242.000000	-37.358200	74.103355	
2248.000000	-37.424335	74.407890	
2254.000000	-37.490135	74.712456	
2260.000000	-37.555595	75.017052	
2266.000000	-37.620728	75.321671	
2272.000000	-37.685524	75.626312	
2278.000000	-37.749992	75.930984	
2284.000000	-37.814133	76.235680	
2290.000000	-37.877945	76.540390	
2296.000000	-37.941433	76.845131	
2302.000000	-38.004601	77.149887	
2308.000000	-38.067444	77.454659	
2314.000000	-38.129971	77.759445	
2320.000000	-38.192181	78.064255	
2326.000000	-38.254074	78.369072	
2332.000000	-38.315655	78.673904	
2338.000000	-38.376926	78.978752	
2344.000000	-38.437885	79.283607	
2350.000000	-38.498535	79.588478	
2356.000000	-38.558876	79.893356	
2362.000000	-38.618916	80.198242	
2368.000000	-38.678654	80.503128	
2374.000000	-38.738087	80.808029	
2380.000000	-38.797222	81.112930	
2386.000000	-38.856060	81.417839	
2392.000000	-38.914600	81.722748	
2398.000000	-38.972843	82.027657	
2404.000000	-39.030796	82.332565	
2410.000000	-39.088459	82.637482	
2416.000000	-39.145832	82.942390	
2422.000000	-39.202915	83.247299	
2428.000000	-39.259712	83.552200	
2434.000000	-39.316227	83.857101	
2440.000000	-39.372456	84.162003	
2446.000000	-39.428406	84.466896	
2452.000000	-39.484074	84.771774	
2458.000000	-39.539467	85.076653	
2464.000000	-39.594582	85.381523	
2470.000000	-39.649418	85.686386	
2476.000000	-39.703983	85.991241	
2482.000000	-39.758278	86.296082	
2488.000000	-39.812302	86.600906	
2494.000000	-39.866058	86.905724	
2500.000000	-39.919544	87.210533	
