wvl ( nm)	e1	e2
412,7424238	2,998467	1,453363
414,3335345	2,654819	1,72949
415,9248223	2,379808	1,985159
417,5160087	2,157143	2,221508
419,107234	1,976041	2,439597
420,6983593	1,828591	2,640468
422,2896751	1,708703	2,825114
423,8809031	1,611551	2,994491
425,4720509	1,533211	3,14953
427,0634224	1,470451	3,291128
428,6547397	1,420577	3,420132
430,2460174	1,38132	3,537382
431,8372726	1,350748	3,643667
433,428676	1,327219	3,739759
435,0199478	1,309324	3,826393
436,6112628	1,295852	3,904284
438,2024934	1,285759	3,974116
439,7938218	1,278151	4,036551
441,3852806	1,272254	4,092223
442,9765883	1,267409	4,141741
444,5679355	1,263051	4,185694
446,159199	1,258701	4,224651
447,7505769	1,253956	4,259152
449,3419496	1,248485	4,289721
450,9333593	1,242012	4,31686
452,5246863	1,234328	4,341058
454,1161417	1,225273	4,362773
455,7074417	1,214738	4,382455
457,2988024	1,202661	4,400536
458,8901077	1,189036	4,417425
460,481582	1,173905	4,433517
462,0729412	1,157375	4,449194
463,6642413	1,139665	4,464809
465,2557162	1,121107	4,480536
466,8470805	1,101908	4,496385
468,4383964	1,082204	4,51236
470,0297294	1,062082	4,528471
471,6211483	1,041615	4,544726
473,212364	1,020857	4,56113
474,8038084	0,999852	4,577687
476,3950114	0,978635	4,594402
477,9864129	0,957234	4,611283
479,5777241	0,935674	4,628334
481,1690234	0,913975	4,64556
482,7603928	0,892154	4,662966
484,3515392	0,870227	4,680552
485,9429252	0,848204	4,698327
487,5342601	0,826097	4,716293
489,1254398	0,803916	4,734453
490,7167472	0,781669	4,752812
492,3078878	0,759363	4,771369
493,8991506	0,737006	4,790129
495,4904376	0,714603	4,809097
497,0816497	0,692162	4,828274
498,6726861	0,669687	4,847658
500,2640507	0,64718	4,867256
501,8550424	0,624648	4,88707
503,4461702	0,602097	4,907097
505,0373402	0,579529	4,927345
506,6284571	0,556949	4,947811
508,2196329	0,534361	4,968498
509,8107739	0,511766	4,989404
511,4017853	0,489172	5,010535
512,9927833	0,466581	5,031888
514,5838884	0,443995	5,053466
516,1747951	0,42142	5,075268
517,7658404	0,398858	5,097297
519,3567181	0,376314	5,119552
520,947772	0,353792	5,14203
522,5386953	0,331294	5,164736
524,1296173	0,308826	5,187668
525,720449	0,286391	5,210827
527,3113246	0,263997	5,234211
528,9021569	0,24165	5,25782
530,4928578	0,219353	5,28165
532,0835663	0,197111	5,305694
533,6744259	0,174928	5,329952
535,2651224	0,152807	5,354418
536,8558001	0,13075	5,379086
538,4466076	0,108757	5,403956
540,0372277	0,086831	5,429024
541,62781	0,064976	5,454285
543,2185083	0,04319	5,479733
544,8090027	0,021475	5,505369
546,399448	-0,000168	5,531185
547,9900036	-0,021737	5,557182
549,5805902	-0,043234	5,583353
551,1708825	-0,064656	5,609694
552,7612878	-0,086004	5,636205
554,3517281	-0,107277	5,662883
555,9421246	-0,128476	5,68972
557,5323976	-0,1496	5,716717
559,1227184	-0,17065	5,743868
560,7130099	-0,191626	5,771173
562,3031939	-0,212528	5,798626
563,8934478	-0,233358	5,826224
565,4834382	-0,254113	5,853967
567,073603	-0,274798	5,881851
568,6636084	-0,295411	5,909871
570,2536387	-0,315953	5,938026
571,8436192	-0,336426	5,966312
573,4334745	-0,35683	5,994729
575,0233951	-0,377167	6,02327
576,6133082	-0,397437	6,051935
578,2031405	-0,417643	6,080721
579,7930887	-0,437785	6,109624
581,3828096	-0,457865	6,138644
582,9725016	-0,477885	6,167778
584,5620923	-0,497847	6,197022
586,1517859	-0,517752	6,226373
587,7415132	-0,537602	6,25583
589,330924	-0,557399	6,285391
590,9205064	-0,577146	6,315053
592,5099102	-0,596846	6,344814
594,0993478	-0,6165	6,374671
595,6884645	-0,636111	6,404621
597,2780498	-0,655683	6,434663
598,8671751	-0,675219	6,464795
600,4563468	-0,694722	6,495016
602,0454981	-0,714197	6,525322
603,6345616	-0,733647	6,55571
605,2237644	-0,753076	6,586181
606,8127454	-0,77249	6,616729
608,4017336	-0,791895	6,647355
609,9906632	-0,8113	6,678058
611,5794681	-0,830711	6,708833
613,1683844	-0,850143	6,739685
614,7573493	-0,869606	6,770619
616,3459928	-0,889105	6,801649
617,9345538	-0,908645	6,832777
619,5232768	-0,928229	6,864016
621,1117901	-0,94786	6,895369
622,70034	-0,967538	6,926846
624,2885502	-0,987265	6,958453
625,8769849	-1,00704	6,990199
627,465268	-1,026864	7,022086
629,0536547	-1,046735	7,054122
630,6417645	-1,066654	7,086316
632,2301767	-1,086618	7,118671
633,8181872	-1,106625	7,151194
635,4060552	-1,126675	7,183887
636,9940456	-1,146765	7,216759
638,5821005	-1,166892	7,249813
640,1698309	-1,187053	7,283053
641,7578368	-1,207247	7,316486
643,3453961	-1,227471	7,350115
644,9331142	-1,24772	7,383945
646,5209353	-1,267992	7,417976
648,1084641	-1,288285	7,452217
649,6956386	-1,308594	7,486668
651,2830802	-1,328915	7,521335
652,8703921	-1,349245	7,55622
654,4578608	-1,369581	7,591327
656,0450851	-1,389918	7,626656
657,6323538	-1,410253	7,662214
659,2192611	-1,430582	7,698002
660,8064503	-1,450901	7,734022
662,3931624	-1,471205	7,770278
663,9804019	-1,49149	7,806771
665,5670497	-1,511753	7,843502
667,1537606	-1,531989	7,880474
668,7404812	-1,552194	7,917691
670,3271575	-1,572363	7,955153
671,9137349	-1,592492	7,992861
673,5001586	-1,612577	8,030817
675,0863729	-1,632612	8,069023
676,6726912	-1,652595	8,107481
678,2590621	-1,672519	8,146191
679,8450611	-1,692381	8,185156
681,4313796	-1,712177	8,224375
683,0172175	-1,7319	8,263848
684,6032724	-1,751547	8,30358
686,1891159	-1,771113	8,343568
687,7750754	-1,790594	8,383815
689,360718	-1,809984	8,424319
690,9463736	-1,829279	8,465085
692,5319919	-1,848474	8,506109
694,1175219	-1,867564	8,547394
695,7029124	-1,886544	8,588941
697,2881116	-1,905409	8,630746
698,8734611	-1,924155	8,672812
700,4585179	-1,942775	8,71514
702,0436263	-1,961266	8,757731
703,6287382	-1,979622	8,800581
705,2134038	-1,997837	8,843693
706,7983744	-2,015907	8,887066
708,383201	-2,033825	8,9307
709,9678339	-2,051587	8,974594
711,5522225	-2,069186	9,018747
713,1371363	-2,086618	9,063163
714,721299	-2,103875	9,107836
716,305895	-2,120952	9,152769
717,8900517	-2,137843	9,197961
719,474134	-2,154541	9,243412
721,0580946	-2,171038	9,289118
722,6423066	-2,187329	9,335082
724,2263044	-2,203403	9,381302
725,8100391	-2,219254	9,427776
727,3934618	-2,234871	9,474507
728,9773799	-2,25024	9,521491
730,560894	-2,265348	9,568718
732,144386	-2,280186	9,616179
733,7278107	-2,294747	9,663863
735,3106866	-2,309026	9,711762
736,8942759	-2,323015	9,759871
738,4772242	-2,336712	9,808173
740,0603627	-2,350113	9,856665
741,6432062	-2,363214	9,905336
743,2257075	-2,376012	9,954178
744,8087133	-2,388506	10,003183
746,3912884	-2,400693	10,052342
747,9738354	-2,412571	10,101649
749,556311	-2,42414	10,151094
751,1382167	-2,435397	10,200671
752,7208735	-2,446343	10,250373
754,3028721	-2,456977	10,30019
755,8846227	-2,467298	10,350117
757,4665432	-2,477307	10,400146
759,0485938	-2,487002	10,45027
760,6302681	-2,496385	10,500484
762,2119884	-2,505457	10,550781
763,7932436	-2,514216	10,601153
765,3749319	-2,522665	10,651596
766,9560689	-2,530804	10,702102
768,5375598	-2,538634	10,752666
770,1184119	-2,546155	10,803281
771,6995375	-2,55337	10,853942
773,2804177	-2,56028	10,904644
774,8614935	-2,566885	10,955381
776,4417553	-2,573188	11,006148
778,0226179	-2,579189	11,056937
779,6030689	-2,584892	11,107748
781,1835561	-2,590296	11,15857
782,7635467	-2,595405	11,209403
784,343988	-2,60022	11,260239
785,9238503	-2,604743	11,311074
787,5035882	-2,608975	11,361905
789,0836639	-2,61292	11,412726
790,6635389	-2,616579	11,463533
792,2431727	-2,619955	11,514321
793,8225243	-2,623049	11,565088
795,4020629	-2,625863	11,615829
796,9812407	-2,628401	11,666535
798,5605302	-2,630664	11,71721
800,1393791	-2,632656	11,767845
801,7182633	-2,634377	11,818437
803,2971461	-2,635832	11,868984
804,8759907	-2,637021	11,919482
806,4542353	-2,637949	11,969925
808,0328895	-2,638616	12,020313
809,6113931	-2,639027	12,07064
811,1897078	-2,639183	12,120905
812,7677955	-2,639088	12,171102
814,3456175	-2,638743	12,221231
815,9236717	-2,638152	12,271286
817,5013861	-2,637317	12,321266
819,0787214	-2,636241	12,371167
820,6567239	-2,634927	12,420987
822,2337305	-2,633377	12,470724
823,8113366	-2,631594	12,520372
825,3884151	-2,629581	12,569935
826,9654769	-2,627341	12,619403
828,5424869	-2,624876	12,668774
830,11941	-2,62219	12,718052
831,695653	-2,619285	12,767228
833,2722939	-2,616164	12,816304
834,8487409	-2,61283	12,865276
836,4249578	-2,609286	12,91414
838,0014746	-2,605535	12,962896
839,5776924	-2,601578	13,011543
841,1535743	-2,597421	13,060079
842,729083	-2,593064	13,108498
844,3047559	-2,588512	13,1568
845,8805617	-2,583767	13,204987
847,4558896	-2,578832	13,25305
849,0312827	-2,57371	13,300992
850,6061255	-2,568405	13,348812
852,1815504	-2,562918	13,396503
853,7563558	-2,557253	13,44407
855,3310925	-2,551412	13,491508
856,9057272	-2,5454	13,538815
858,4802269	-2,539219	13,585991
860,054558	-2,532871	13,633032
861,6286867	-2,52636	13,679941
863,202579	-2,51969	13,72671
864,7768039	-2,512861	13,773346
866,3507281	-2,505879	13,819841
867,924317	-2,498746	13,866198
869,4981453	-2,491466	13,912411
871,0715726	-2,48404	13,958483
872,6445634	-2,476473	14,004412
874,2176985	-2,468767	14,050195
875,7909487	-2,460927	14,09583
877,3636637	-2,452954	14,141322
878,9364302	-2,444852	14,186666
880,5092184	-2,436625	14,231858
882,0813706	-2,428276	14,276902
883,6541093	-2,419807	14,321796
885,2261467	-2,411224	14,366538
886,7980797	-2,402529	14,411124
888,3698771	-2,393724	14,455563
889,9415079	-2,384815	14,499844
891,5135816	-2,375806	14,543969
893,0847869	-2,366699	14,587941
894,6563762	-2,3575	14,631754
896,2276765	-2,348212	14,675411
897,7986556	-2,33884	14,71891
899,369281	-2,329389	14,762251
900,9401747	-2,319866	14,805437
902,5106536	-2,310277	14,848466
904,081344	-2,300626	14,891341
905,6515579	-2,290916	14,93407
907,2212618	-2,281152	14,976649
908,791754	-2,271336	15,019086
910,3616779	-2,26147	15,061381
911,9309992	-2,251558	15,103537
913,5003566	-2,241603	15,145555
915,0703977	-2,231606	15,187438
916,6390689	-2,22157	15,229189
918,2083681	-2,211497	15,270808
919,7775918	-2,201388	15,312304
921,3460271	-2,191247	15,353669
922,9150122	-2,181073	15,394914
924,4831468	-2,170869	15,436035
926,0517782	-2,160637	15,477039
927,6194965	-2,150377	15,517926
929,1876577	-2,140091	15,558698
930,7555408	-2,129781	15,599356
932,3238171	-2,119447	15,639904
933,8910571	-2,109092	15,680341
935,458635	-2,098715	15,720673
937,0258196	-2,088319	15,760896
938,5925804	-2,077903	15,801018
940,1595997	-2,067468	15,841039
941,7268536	-2,057017	15,880956
943,2928833	-2,046549	15,920779
944,8598102	-2,036066	15,960502
946,4261727	-2,025567	16,000132
947,991939	-2,015054	16,039667
949,5578047	-2,004527	16,079113
951,123745	-1,993988	16,118464
952,6897351	-1,983436	16,157732
954,2550154	-1,972872	16,196909
955,8202904	-1,962297	16,236002
957,3855345	-1,95171	16,275009
958,9507223	-1,941113	16,313938
960,515084	-1,930507	16,352781
962,0800792	-1,91989	16,391548
963,6441915	-1,909264	16,430233
965,2088899	-1,898629	16,468843
966,7726478	-1,887985	16,507378
968,3369438	-1,877333	16,545837
969,9002411	-1,866673	16,584221
971,4640276	-1,856005	16,622536
973,0275202	-1,845329	16,66078
974,5914575	-1,834645	16,698956
976,1542828	-1,823955	16,737061
977,7175027	-1,813257	16,775101
979,2803237	-1,802552	16,813074
980,8427179	-1,791841	16,850981
982,4054356	-1,781122	16,888826
983,9676751	-1,770396	16,926609
985,5294081	-1,759665	16,964331
987,0913919	-1,748926	17,001989
988,652817	-1,738181	17,039591
990,2144453	-1,72743	17,077133
991,7762553	-1,716672	17,114618
993,3374295	-1,705907	17,152048
994,898737	-1,695137	17,189421
996,4593549	-1,684359	17,226742
998,020057	-1,673575	17,264006
999,5808209	-1,662785	17,301218
1001,62279	-1,648649	17,349855
1005,017794	-1,625126	17,430511
1008,412929	-1,601563	17,510965
1011,807962	-1,577956	17,591227
1015,204322	-1,554307	17,671303
1018,600131	-1,530611	17,751204
1021,996833	-1,50687	17,830933
1025,394219	-1,483079	17,910501
1028,79122	-1,459239	17,98991
1032,189323	-1,435345	18,069174
1035,587462	-1,411397	18,148293
1038,986285	-1,387392	18,227276
1042,384707	-1,363328	18,306126
1045,784267	-1,339202	18,384851
1049,183879	-1,315012	18,463457
1052,584222	-1,290755	18,541946
1055,985094	-1,266428	18,620325
1059,386291	-1,242028	18,698601
1062,787606	-1,217554	18,776773
1066,189747	-1,193	18,854851
1069,591597	-1,168366	18,932835
1072,993869	-1,143647	19,010731
1076,397298	-1,11884	19,088541
1079,800759	-1,093943	19,166273
1083,204048	-1,068952	19,243925
1086,60886	-1,043864	19,321503
1090,013107	-1,018676	19,39901
1093,418502	-0,993383	19,47645
1096,823899	-0,967984	19,553823
1100,229096	-0,942474	19,631134
1103,635857	-0,916849	19,708385
1107,042037	-0,891107	19,78558
1110,449419	-0,865243	19,862719
1113,856828	-0,839254	19,939806
1117,264073	-0,813136	20,016842
1120,672982	-0,786886	20,09383
1124,081358	-0,760498	20,170771
1127,490025	-0,733971	20,247665
1130,899831	-0,707298	20,324518
1134,309571	-0,680477	20,401329
1137,720101	-0,653502	20,478102
1141,130197	-0,626369	20,554834
1144,540725	-0,599075	20,631531
1147,952571	-0,571613	20,708191
1151,364506	-0,54398	20,784819
1154,776351	-0,51617	20,861408
1158,189003	-0,488177	20,937969
1161,602299	-0,459996	21,014498
1165,014976	-0,43162	21,090996
1168,429047	-0,403043	21,167465
1171,843253	-0,374257	21,243906
1175,257419	-0,345253	21,320316
1178,672492	-0,316017	21,3967
1182,088312	-0,286538	21,473047
1185,503586	-0,256807	21,549347
1188,920412	-0,226818	21,625593
1192,336354	-0,196567	21,701775
1195,753532	-0,16605	21,777885
1199,170638	-0,135265	21,853914
1202,588669	-0,104209	21,929857
1206,007473	-0,07288	22,005703
1209,425718	-0,041278	22,081446
1212,844414	-0,009403	22,157078
1216,263403	0,022747	22,232594
1219,683728	0,05517	22,307983
1223,104041	0,087866	22,383244
1226,524179	0,120834	22,458364
1229,945198	0,154074	22,533344
1233,366953	0,187585	22,608175
1236,788061	0,221364	22,68285
1240,210836	0,25541	22,757366
1243,632651	0,289721	22,831715
1247,055842	0,324296	22,905893
1250,479014	0,359131	22,979893
1250,581167	0,360172	22,982094
1251,184337	0,366344	22,995125
1251,788088	0,372527	23,008156
1252,393688	0,378724	23,021196
1252,998608	0,384936	23,034243
1253,604112	0,391161	23,047297
1253,902012	0,394226	23,053715
1254,21147	0,3974	23,060354
1254,818148	0,403653	23,073423
1255,425412	0,40992	23,086494
1256,034537	0,416201	23,099573
1256,64298	0,422498	23,112661
1257,252012	0,428806	23,125753
1257,327227	0,429577	23,12735
1257,862911	0,435129	23,138849
1258,473127	0,441467	23,151955
1259,083935	0,447819	23,165068
1259,695337	0,454183	23,178183
1260,308613	0,460564	23,191309
1260,750696	0,465183	23,200796
1260,921205	0,466957	23,204437
1261,534392	0,473365	23,217573
1262,149461	0,479788	23,230719
1262,763844	0,486224	23,243866
1263,378825	0,492675	23,257023
1263,995694	0,49914	23,270185
1264,176104	0,501039	23,274048
1264,611876	0,505618	23,28335
1265,228659	0,51211	23,296522
1265,847337	0,518619	23,309704
1266,465326	0,52514	23,322887
1267,083919	0,531678	23,336082
1267,602034	0,537145	23,347099
1267,704412	0,538227	23,349279
1268,324216	0,544791	23,362482
1268,944627	0,551371	23,375692
1269,565645	0,557964	23,388908
1270,188572	0,564572	23,402128
1270,810808	0,571195	23,415358
1271,027041	0,573496	23,41995
1271,433654	0,577832	23,428591
1272,058416	0,584483	23,441832
1272,682486	0,591148	23,455076
1273,307169	0,597828	23,468327
1273,933774	0,604521	23,481581
1274,453578	0,610091	23,492592
1274,559686	0,611232	23,494846
1275,186213	0,617954	23,508112
1275,814669	0,624693	23,521387
1276,442431	0,631445	23,534666
1277,070812	0,638211	23,547949
1277,699811	0,644993	23,561239
1277,880203	0,646926	23,565025
1278,330747	0,65179	23,574539
1278,960989	0,6586	23,587839
1279,591851	0,665426	23,601149
1280,224659	0,672265	23,61446
1280,856769	0,67912	23,627779
1281,306768	0,683998	23,637243
1281,489504	0,685987	23,6411
1282,12419	0,692873	23,654432
1282,758178	0,699771	23,667767
1283,392794	0,706685	23,681108
1284,029367	0,713612	23,694452
1284,665241	0,720556	23,707806
1284,734454	0,721305	23,709246
1285,301745	0,727513	23,721163
1285,940214	0,734485	23,734522
1286,577983	0,74147	23,747887
1287,216384	0,748473	23,761263
1287,856757	0,755489	23,774637
1288,161793	0,758843	23,781025
1288,496429	0,762521	23,788023
1289,136736	0,769566	23,801409
1289,77768	0,776626	23,8148
1290,420604	0,7837	23,828197
1291,062826	0,790792	23,841602
1291,589979	0,796609	23,852581
1291,705687	0,797897	23,855011
1292,350535	0,805019	23,868425
1292,99468	0,812152	23,881842
1293,639467	0,819302	23,895266
1294,286248	0,826466	23,908693
1294,932324	0,833647	23,922127
1295,017525	0,8346	23,92391
1295,579045	0,84084	23,935564
1296,227768	0,84805	23,949009
1296,875784	0,855275	23,962458
1297,524449	0,862516	23,975912
1298,175122	0,869768	23,989367
1298,446995	0,872813	23,995008
1298,825087	0,877038	24,002831
1299,475703	0,884321	24,016296
1300,126972	0,891621	24,02977
1300,780258	0,898936	24,043245
1301,432836	0,906265	24,056728
1301,875541	0,911245	24,065874
1302,086068	0,913609	24,070213
1302,741325	0,920968	24,083704
1303,395872	0,928342	24,097198
1304,051077	0,935733	24,110701
1304,708314	0,943137	24,124205
1305,305752	0,949891	24,136503
1305,364839	0,950557	24,137716
1306,022025	0,957992	24,15123
1306,681251	0,965441	24,164747
1307,339764	0,972906	24,178268
1307,998941	0,980386	24,191797
1308,658783	0,987881	24,205328
1308,73613	0,98875	24,206894
1309,320674	0,995393	24,218866
1309,98185	1,002918	24,232405
1310,643695	1,01046	24,245953
1311,307596	1,018013	24,259497
1311,970781	1,025586	24,273054
1312,166535	1,027818	24,277046
1312,634638	1,033171	24,28661
1313,300557	1,040774	24,300175
1313,965761	1,04839	24,31374
1314,631638	1,056023	24,327312
1315,299586	1,06367	24,340887
1315,596825	1,067091	24,346952
1315,966816	1,071332	24,354465
1316,634724	1,079009	24,368046
1317,30471	1,086703	24,381636
1317,973976	1,094411	24,395226
1318,643924	1,102136	24,408825
1319,028259	1,106567	24,416613
1319,314552	1,109874	24,422422
1319,987269	1,117627	24,436026
1320,659265	1,125397	24,449633
1321,331945	1,133183	24,463245
1322,006721	1,140983	24,476862
1322,459305	1,146239	24,486025
1322,680775	1,1488	24,490484
1323,355517	1,15663	24,504105
1324,032362	1,164477	24,517735
1324,708484	1,172336	24,531361
1325,385297	1,180215	24,544998
1325,892652	1,186109	24,555187
1326,062802	1,188106	24,558636
1326,742419	1,196016	24,572281
1327,421313	1,203937	24,585924
1328,102324	1,211878	24,599577
1328,78261	1,219829	24,613226
1329,323921	1,22617	24,624096
1329,463594	1,2278	24,626886
1330,145275	1,235785	24,640547
1330,829085	1,243786	24,654215
1331,512168	1,251801	24,667883
1332,195953	1,259833	24,681555
1332,757238	1,26642	24,692751
1332,881873	1,26788	24,69523
1333,567066	1,275941	24,708908
1334,252964	1,284018	24,722589
1334,941004	1,292113	24,736279
1335,628316	1,300221	24,749966
1336,191058	1,306857	24,761152
1336,316336	1,308346	24,763662
1337,006507	1,316486	24,777357
1337,695948	1,324639	24,791056
1338,386101	1,332811	24,804758
1339,076966	1,340998	24,818466
1339,623803	1,347474	24,829294
1339,769992	1,349199	24,832176
1340,462287	1,357417	24,84589
1341,155297	1,36565	24,859606
1341,850477	1,373899	24,873327
1342,544924	1,382161	24,887047
1343,05823	1,38827	24,897177
1343,24009	1,390442	24,900774
1343,937433	1,398737	24,914503
1344,634043	1,407049	24,928238
1345,331375	1,415375	24,941973
1346,030891	1,423718	24,955713
1346,492766	1,429241	24,964796
1346,729673	1,432075	24,969454
1347,429181	1,440447	24,983196
1348,129416	1,448836	24,996944
1348,831846	1,457241	25,010696
1349,53354	1,465661	25,02445
1349,927278	1,470385	25,032156
1350,237435	1,474099	25,03821
1350,940592	1,482549	25,051968
1351,644483	1,491016	25,065729
1352,349107	1,499497	25,079493
1353,055942	1,507998	25,093264
1353,363107	1,511697	25,099249
1353,762039	1,51651	25,107033
1354,468873	1,525042	25,12081
1355,177927	1,533587	25,134584
1355,886241	1,542149	25,148367
1356,595296	1,550723	25,162146
1356,798655	1,553173	25,166077
1357,306578	1,559317	25,175932
1358,01712	1,567925	25,189718
1358,728406	1,576551	25,203512
1359,440437	1,585189	25,217302
1360,154707	1,593846	25,2311
1360,233785	1,594813	25,232639
1360,868234	1,602517	25,244898
1361,58251	1,611203	25,258698
1362,299033	1,619905	25,272499
1363,014813	1,628624	25,286306
1363,669856	1,63661	25,298931
1363,731345	1,637358	25,300114
1364,450132	1,646109	25,313927
1365,168174	1,654874	25,32774
1365,886973	1,663654	25,341553
1366,606529	1,672451	25,35537
1367,10675	1,678563	25,364956
1367,328351	1,681266	25,369192
1368,049426	1,690094	25,383015
1368,772774	1,69894	25,396843
1369,495374	1,707799	25,410667
1370,218738	1,716673	25,424496
1370,544349	1,720668	25,430712
1370,942866	1,725565	25,438326
1371,669277	1,734475	25,452164
1372,39494	1,743397	25,465998
1373,121371	1,752337	25,479837
1373,850093	1,761292	25,493677
1373,982533	1,762921	25,496193
1374,578066	1,770265	25,507523
1375,30681	1,77925	25,521366
1376,037854	1,788252	25,535212
1376,768148	1,797269	25,549059
1377,419649	1,80532	25,561403
1377,499217	1,806304	25,562912
1378,232595	1,815354	25,576765
1378,96522	1,824421	25,59062
1379,698625	1,833502	25,604475
1380,43281	1,842598	25,618332
1380,858627	1,847861	25,626341
1381,169316	1,851711	25,632193
1381,905068	1,860842	25,646057
1382,641604	1,869985	25,65992
1383,380469	1,879149	25,67379
1384,118579	1,888324	25,687656
1384,296275	1,89054	25,691002
1384,857477	1,897516	25,701525
1385,598713	1,906723	25,715393
1386,339192	1,915949	25,729271
1387,080464	1,925189	25,743143
1387,735551	1,933356	25,75539
1387,824082	1,934446	25,757023
1388,566943	1,943717	25,770899
1389,310599	1,953005	25,784779
1390,056611	1,962309	25,798662
1390,801865	1,971628	25,812544
1391,176352	1,976305	25,819502
1391,547918	1,980963	25,826427
1392,296335	1,990316	25,840317
1393,043992	1,999682	25,854202
1393,792453	2,009066	25,868093
1394,541719	2,018464	25,881983
1394,615435	2,019382	25,883339
1395,29336	2,027878	25,895874
1396,044241	2,037309	25,909767
1396,79593	2,046756	25,923662
1397,550005	2,056218	25,937557
1398,0558	2,062586	25,946898
1398,303317	2,065697	25,951458
1399,057441	2,075191	25,965355
1399,81396	2,084701	25,979254
1400,569716	2,094226	25,993155
1401,326288	2,10377	26,007059
1401,497342	2,105913	26,01018
1402,083677	2,113327	26,020962
1402,843473	2,122902	26,034868
1403,602504	2,132491	26,048775
1404,362357	2,142095	26,062679
1404,938358	2,14936	26,073183
1405,124625	2,151719	26,076591
1405,886128	2,161355	26,090498
1406,648456	2,171008	26,104408
1407,413209	2,180679	26,118322
1408,177194	2,190363	26,132235
1408,378718	2,192924	26,13591
1408,94201	2,200066	26,146151
1409,709259	2,209781	26,160063
1410,47574	2,219513	26,173977
1411,243055	2,229261	26,187893
1411,8215	2,236603	26,198359
1412,012813	2,239028	26,201811
1412,781802	2,248807	26,215729
1413,551628	2,258606	26,22965
1414,323908	2,268418	26,24357
1415,095416	2,278246	26,25749
1415,263387	2,280391	26,260525
1415,867767	2,288089	26,27141
1416,640961	2,297951	26,285334
1417,416621	2,307825	26,299253
1418,191508	2,31772	26,313181
1418,705866	2,324287	26,322412
1418,967244	2,327627	26,327105
1419,745453	2,33755	26,341028
1420,52289	2,347491	26,354956
1421,301178	2,357446	26,368881
1422,081951	2,367417	26,382807
1422,148821	2,368288	26,384022
1422,861949	2,377407	26,396736
1423,642803	2,387408	26,410662
1424,424515	2,397427	26,424589
1425,208724	2,407465	26,438522
1425,592138	2,412391	26,445353
1425,992157	2,417514	26,452448
1426,776452	2,427581	26,466377
1427,563253	2,437666	26,48031
1428,349277	2,447764	26,49424
1429,037347	2,456593	26,506399
1429,136168	2,45788	26,508171
1429,925575	2,468011	26,522102
1430,714203	2,478157	26,536034
1431,503702	2,488318	26,549963
1432,295727	2,498498	26,563898
1432,481046	2,50089	26,567167
1433,086973	2,508692	26,577829
1433,879094	2,518904	26,591764
1434,673751	2,529129	26,605694
1435,467627	2,53937	26,619625
1435,926416	2,545281	26,627657
1436,262382	2,54963	26,63356
1437,059683	2,559903	26,647493
1437,856203	2,570192	26,661425
1438,653606	2,580499	26,67536
1439,37002	2,589761	26,687864
1439,451894	2,59082	26,689293
1440,252741	2,601156	26,703224
1441,052805	2,611512	26,717161
1441,853759	2,62188	26,731092
1442,657282	2,632265	26,745024
1442,816751	2,63433	26,747791
1443,46002	2,642667	26,758959
1444,263653	2,653083	26,77289
1445,069864	2,663518	26,786825
1445,875291	2,673967	26,800758
1446,261472	2,678982	26,807438
1446,681616	2,68443	26,81469
1447,49053	2,69491	26,828621
1448,298658	2,705408	26,842554
1449,107689	2,715919	26,856485
1449,709123	2,723717	26,866806
1449,919319	2,726448	26,870419
1450,730162	2,736992	26,884348
1451,541912	2,74755	26,898277
1452,354571	2,758127	26,91221
1453,154517	2,76853	26,925892
1453,169844	2,768718	26,92614
1453,984327	2,779325	26,940067
1454,799725	2,789951	26,954
1455,617745	2,800588	26,967926
1456,434976	2,811241	26,981853
1456,602639	2,813419	26,984697
1457,253125	2,821914	26,995785
1458,073908	2,8326	27,00971
1458,8939	2,843301	27,023636
1459,714814	2,854022	27,037565
1460,049971	2,858382	27,043224
1460,538373	2,864755	27,051489
1461,36114	2,875504	27,065413
1462,184834	2,886271	27,079338
1463,009458	2,897052	27,093262
1463,496387	2,903417	27,101471
1463,83674	2,907849	27,107183
1464,663228	2,918664	27,121109
1465,49065	2,929491	27,135027
1466,320741	2,940338	27,148952
1466,945229	2,948518	27,159437
1467,150037	2,951197	27,162868
1467,980272	2,962073	27,176788
1468,813187	2,972967	27,190708
1469,645306	2,983874	27,204626
1470,394671	2,993685	27,217125
1470,478368	2,994796	27,21854
1471,314121	3,005737	27,232458
1472,149076	3,016692	27,24637
1472,98498	3,027661	27,260283
1473,823586	3,038651	27,274199
1473,842855	3,038916	27,274534
1474,661393	3,049652	27,288109
1475,500153	3,06067	27,302019
1476,339868	3,071705	27,315929
1477,182299	3,082755	27,329838
1477,29317	3,084207	27,331665
1478,02393	3,093819	27,343744
1478,86652	3,104902	27,357653
1479,711838	3,115998	27,371555
1480,556355	3,127109	27,385458
1480,741995	3,129556	27,388515
1481,401836	3,13824	27,399363
1482,250056	3,149384	27,413263
1483,097473	3,160542	27,427162
1483,94586	3,17172	27,441063
1484,192749	3,17496	27,445089
1484,796996	3,18291	27,45496
1485,647329	3,194119	27,468859
1486,498636	3,205341	27,482752
1487,35092	3,216578	27,496643
1487,643561	3,220417	27,501385
1488,205968	3,227834	27,510538
1489,060211	3,239103	27,524427
1489,915435	3,250388	27,538317
1490,773435	3,26169	27,552206
1491,094319	3,265924	27,557404
1491,630629	3,273006	27,566092
1492,488809	3,284338	27,579975
1493,349776	3,295688	27,593861
1494,209936	3,30705	27,60774
1494,544911	3,31148	27,613146
1495,071088	3,318429	27,621618
1495,935038	3,329826	27,6355
1496,79818	3,341235	27,649374
1497,662318	3,35266	27,663248
1497,997033	3,357081	27,668612
1498,529266	3,364104	27,677124
1499,395405	3,37556	27,690994
1500,262546	3,387033	27,704863
1501,132508	3,398523	27,718733
1501,448777	3,402725	27,723801
1502,001659	3,410026	27,732597
1502,871818	3,421548	27,746466
1503,742986	3,433082	27,760324
1504,61699	3,444633	27,774185
1504,901854	3,44841	27,778713
1505,490183	3,4562	27,788046
1506,36439	3,467781	27,801901
1507,241444	3,479379	27,815756
1508,117687	3,490994	27,829611
1508,354337	3,494133	27,833353
1508,994949	3,502621	27,84346
1509,87507	3,514265	27,857309
1510,754378	3,525926	27,871157
1511,634711	3,537601	27,885
1511,807952	3,539893	27,887716
1512,51607	3,54929	27,898842
1513,400305	3,560999	27,912685
1514,283725	3,572719	27,926521
1515,168178	3,584455	27,940357
1515,262605	3,585689	27,941809
1516,055517	3,596211	27,954193
1516,942041	3,607978	27,968023
1517,829602	3,619761	27,981852
1518,716342	3,631515	27,995626
1518,720062	3,631562	27,995682
1519,609705	3,643376	28,009506
1520,500392	3,655208	28,023331
1521,39399	3,667052	28,037149
1522,17091	3,67737	28,049171
1522,286769	3,678912	28,050966
1523,180598	3,690788	28,064781
1524,077349	3,702681	28,078596
1524,973282	3,714588	28,092405
1525,626214	3,723255	28,102446
1525,870269	3,726514	28,106216
1526,770192	3,738451	28,120022
1527,669294	3,750403	28,133823
1528,569456	3,762374	28,147627
1529,080271	3,769164	28,155447
1529,47068	3,774358	28,161425
1530,374855	3,786355	28,175217
1531,27821	3,798373	28,189013
1532,182631	3,810403	28,202803
1532,536744	3,815096	28,208178
1533,090017	3,822447	28,216589
1533,996581	3,834511	28,230375
1534,904217	3,846586	28,244156
1535,81483	3,858677	28,257936
1535,991755	3,861051	28,260639
1536,72462	3,870786	28,271715
1537,635489	3,882907	28,285488
1538,549346	3,895047	28,299261
1539,449001	3,907024	28,31283
1539,46238	3,9072	28,313028
1540,376498	3,919367	28,326794
1541,291702	3,93155	28,340555
1542,209912	3,94375	28,354317
1542,906487	3,953015	28,364752
1543,127297	3,955963	28,368071
1544,045773	3,968195	28,381826
1544,967269	3,980439	28,395578
1545,887938	3,992698	28,409325
1546,364111	3,999023	28,416409
1546,809705	4,004972	28,423067
1547,734504	4,017265	28,436811
1548,658475	4,029571	28,45055
1549,583549	4,041893	28,464287
1549,819833	4,045043	28,467794
1550,511669	4,054229	28,47802
1551,43896	4,06658	28,491747
1552,36736	4,078948	28,505476
1553,279361	4,091076	28,518917
1553,298818	4,09133	28,519197
1554,229447	4,103725	28,532917
1555,161191	4,11614	28,546635
1556,094053	4,128566	28,560347
1556,736778	4,137118	28,569773
1557,02999	4,141011	28,574059
1557,965097	4,153468	28,587765
1558,901327	4,165941	28,601467
1559,840645	4,178427	28,615166
1560,19588	4,18317	28,620363
1560,779131	4,190932	28,628864
1561,718747	4,20345	28,642555
1562,661465	4,215986	28,656248
1563,603349	4,228534	28,669933
1563,654614	4,229228	28,670691
1564,54637	4,241097	28,683615
1565,492505	4,253675	28,697294
1566,437807	4,266271	28,71097
1567,114853	4,27529	28,720753
1567,384251	4,278879	28,724642
1568,333822	4,291506	28,738314
1569,282559	4,304144	28,751976
1570,232445	4,316797	28,765636
1570,574526	4,321357	28,770554
1571,185472	4,32947	28,779297
1572,137663	4,342154	28,79295
1573,09101	4,354853	28,806599
1574,035522	4,367424	28,820091
1574,045513	4,36757	28,820248
1575,003175	4,380299	28,833887
1575,960001	4,393046	28,84753
1576,91799	4,405806	28,861164
1577,495751	4,413494	28,86937
1577,879152	4,41858	28,874794
1578,839477	4,431369	28,88842
1579,800971	4,444177	28,902046
1580,765651	4,456996	28,915665
1580,957117	4,459561	28,918386
1581,729494	4,469834	28,929283
1582,694512	4,482683	28,942892
1583,660708	4,495548	28,956499
1584,419534	4,505626	28,967144
1584,63011	4,508427	28,970102
1585,598672	4,521325	28,983704
1586,568419	4,534235	28,997299
1587,541385	4,547163	29,010893
1587,880883	4,551687	29,015644
1588,51351	4,560103	29,024479
1589,486826	4,573057	29,038061
1590,463376	4,586028	29,05164
1591,343094	4,597744	29,063887
1591,439084	4,599015	29,065216
1592,41599	4,612015	29,078785
1593,396144	4,625033	29,092354
1594,375455	4,638063	29,105915
1594,806077	4,643794	29,111874
1595,35597	4,651113	29,119476
1596,339747	4,664172	29,133028
1597,322681	4,677247	29,146576
1598,269744	4,689836	29,159603
1598,306826	4,690337	29,16012
1599,294247	4,703446	29,173664
1600,280823	4,716566	29,187199
1601,268618	4,729704	29,200733
1601,731937	4,73587	29,207077
1602,257633	4,742855	29,214258
1603,249943	4,75602	29,227781
1604,241407	4,769201	29,241299
1605,196695	4,781895	29,254299
1605,234099	4,7824	29,254814
1606,2301	4,79561	29,268322
1607,225255	4,808839	29,28183
1608,221644	4,82208	29,29533
1608,661866	4,82791	29,301266
1609,221357	4,835336	29,308823
1610,220224	4,848607	29,322313
1611,22033	4,861897	29,335802
1612,125262	4,873914	29,347982
1612,22168	4,875198	29,349283
1613,226375	4,888518	29,362762
1614,23022	4,901849	29,376234
1615,23742	4,915199	29,389702
1615,590974	4,919906	29,394447
1616,243771	4,928557	29,40316
1617,251377	4,941938	29,41662
1618,26024	4,955329	29,430073
1619,056821	4,965884	29,440659
1619,272477	4,968741	29,443523
1620,283863	4,982163	29,456964
1621,296514	4,995605	29,470406
1622,312554	5,009058	29,483837
1622,522709	5,011851	29,486624
1623,327743	5,022527	29,497265
1624,344204	5,03601	29,510687
1625,364068	5,049512	29,524107
1625,988542	5,057805	29,532339
1626,383081	5,063027	29,537519
1627,403373	5,07656	29,55093
1628,427084	5,090106	29,564333
1629,449942	5,103666	29,57773
1629,456366	5,103745	29,577808
1630,474087	5,117242	29,591122
1631,499519	5,130837	29,604511
1632,528392	5,144444	29,617893
1632,921811	5,149673	29,62303
1633,55641	5,15807	29,631273
1634,585725	5,171708	29,644644
1635,618495	5,185365	29,658012
1636,38907	5,195587	29,668005
1636,65041	5,199031	29,67137
1637,683629	5,212719	29,684729
1638,720318	5,226419	29,698078
1639,756152	5,24014	29,711426
1639,858073	5,241487	29,712736
1640,793297	5,253872	29,724766
1641,833928	5,267626	29,738104
1642,873704	5,281388	29,751431
1643,32657	5,287377	29,757223
1643,914797	5,29517	29,764755
1644,957211	5,308966	29,778072
1646,003133	5,322781	29,791388
1646,794461	5,333254	29,801468
1647,048197	5,336609	29,804693
1648,09678	5,350458	29,817999
1649,144506	5,364317	29,831293
1650,193565	5,378194	29,844582
1650,263843	5,379123	29,84547
1651,243959	5,392087	29,857866
1652,297893	5,406003	29,871149
1653,350969	5,419927	29,88442
1653,732434	5,424981	29,889231
1654,405388	5,433874	29,89769
1655,463363	5,447834	29,910954
1656,520479	5,461815	29,924212
1657,202348	5,470835	29,932755
1657,578946	5,475805	29,937458
1658,640984	5,48982	29,950706
1659,702164	5,503847	29,963943
1660,67351	5,516681	29,976036
1660,764702	5,517896	29,97718
1661,828601	5,531958	29,990406
1662,896094	5,546039	30,00363
1663,962727	5,560139	30,016846
1664,14361	5,562528	30,019083
1665,030729	5,574253	30,030054
1666,102342	5,588385	30,043255
1667,173093	5,60254	30,056456
1667,614786	5,608373	30,06189
1668,245221	5,616708	30,069647
1669,320977	5,630899	30,082834
1670,39587	5,645106	30,096014
1671,086961	5,654225	30,104462
1671,472149	5,659328	30,109184
1672,552072	5,673573	30,122353
1673,631132	5,687838	30,135515
1674,557795	5,700086	30,146797
1674,711585	5,702119	30,148668
1675,795699	5,716424	30,161821
1676,87895	5,730744	30,174963
1677,963602	5,745087	30,188099
1678,029452	5,745964	30,188902
1679,049658	5,759448	30,201229
1680,139397	5,773832	30,214354
1681,228273	5,788234	30,22747
1681,501852	5,791865	30,230772
1682,318561	5,802662	30,240585
1683,412549	5,817108	30,253689
1684,505672	5,831578	30,266788
1684,974916	5,837794	30,272409
1685,600216	5,846066	30,279881
1686,698478	5,860579	30,292965
1687,795875	5,875115	30,306046
1688,448561	5,883768	30,313818
1688,8947	5,889676	30,319118
1689,997261	5,90426	30,332186
1691,098955	5,91887	30,345245
1691,922706	5,929794	30,354992
1692,202087	5,933503	30,358297
1693,308972	5,948163	30,371346
1694,41499	5,962849	30,384384
1695,39727	5,975897	30,395941
1695,522453	5,977567	30,397419
1696,631366	5,992308	30,410444
1697,744054	6,007085	30,423466
1698,855875	6,021891	30,43648
1698,872168	6,022096	30,436661
1699,969154	6,036729	30,449484
1701,086226	6,051604	30,462481
1702,20243	6,066518	30,475468
1703,320101	6,081468	30,48844
1704,441582	6,096461	30,501402
1705,562196	6,111486	30,514341
1706,684284	6,126556	30,527266
1707,810202	6,141667	30,540173